Date Time Temperature Temperature_Out Temperature_In Inlet_Pressure Outlet_Pressure Confining_Pressure_Reactor Confining_Pressure_Sample
27.01.2023 09:54:50 14.3 13.9 14 12.13 0.003 21.49 12.52
27.01.2023 09:55:00 14.4 13.9 14 12.12 -0.001 21.49 12.53
27.01.2023 09:55:10 14.3 13.9 14 12.1 0 21.49 12.53
27.01.2023 09:55:20 14.2 13.9 14 12.12 -0.003 21.48 12.54
27.01.2023 09:55:30 14.4 13.9 14 12.12 0.001 21.48 12.54
27.01.2023 09:55:40 14.4 13.9 14 12.12 -0.001 21.48 12.54
27.01.2023 09:55:50 14.4 13.9 14 12.12 0 21.48 12.54
27.01.2023 09:56:00 14.4 13.9 14 12.12 0 21.48 12.55
27.01.2023 09:56:10 14.4 13.9 14 12.1 -0.003 21.48 12.55
27.01.2023 09:56:20 14.3 13.9 14 12.12 0.001 21.48 12.55
27.01.2023 09:56:30 14.3 13.9 14 12.12 -0.001 21.48 12.55
27.01.2023 09:56:40 14.3 13.9 14 12.11 -0.001 21.48 12.56
27.01.2023 09:56:48 14.3 13.9 14 12.11 0.003 21.48 12.56
27.01.2023 09:56:49 14.3 13.9 14 12.11 -0.003 21.48 12.56
27.01.2023 09:56:51 14.3 13.9 14 12.11 -0.003 21.48 12.56
27.01.2023 09:56:53 14.3 13.9 14 12.12 0.001 21.48 12.56
27.01.2023 09:56:55 14.3 13.9 14 12.12 0.001 21.48 12.56
27.01.2023 09:56:57 14.3 13.9 14 12.1 0.001 21.48 12.57
27.01.2023 09:56:59 14.3 13.9 14 11.82 0.001 21.48 12.57
27.01.2023 09:57:01 14.3 13.9 14 11.05 0.001 21.5 12.57
27.01.2023 09:57:03 14.3 13.9 14 11.06 0 21.5 12.57
27.01.2023 09:57:05 14.3 13.9 14 11.08 0 21.5 12.57
27.01.2023 09:57:07 14.3 13.9 14 11.11 0.003 21.5 12.57
27.01.2023 09:57:09 14.3 13.9 14 11.12 -0.003 21.5 12.57
27.01.2023 09:57:11 14.3 13.9 14 11.12 -0.003 21.5 12.57
27.01.2023 09:57:13 14.3 13.9 14 11.13 0.001 21.5 12.57
27.01.2023 09:57:15 14.3 13.9 14 11.15 0.001 21.5 12.57
27.01.2023 09:57:17 14.3 13.9 14 11.18 0.003 21.5 12.57
27.01.2023 09:57:19 14.3 13.9 14 11.18 -0.001 21.5 12.57
27.01.2023 09:57:21 14.3 13.9 14 11.19 0.001 21.5 12.57
27.01.2023 09:57:23 14.3 13.9 14 11.2 0 21.5 12.57
27.01.2023 09:57:25 14.3 13.9 14 11.18 -0.001 21.5 12.57
27.01.2023 09:57:27 14.3 13.9 14 11.18 -0.001 21.5 12.57
27.01.2023 09:57:29 14.3 13.9 14 11.2 -0.001 21.5 12.57
27.01.2023 09:57:31 14.3 13.9 14 11.2 0.001 21.49 12.57
27.01.2023 09:57:33 14.3 13.9 14 11.2 0.003 21.5 12.58
27.01.2023 09:57:35 14.3 13.9 14 11.21 0 21.5 12.58
27.01.2023 09:57:37 14.3 13.9 14 11.22 -0.001 21.5 12.58
27.01.2023 09:57:39 14.3 13.9 14 11.2 0 21.5 12.58
27.01.2023 09:57:41 14.3 13.9 14 11.2 0 21.5 12.58
27.01.2023 09:57:43 14.3 13.9 14 11.2 -0.001 21.5 12.58
27.01.2023 09:57:45 14.3 13.9 14 11.2 0 21.5 12.58
27.01.2023 09:57:47 14.3 13.9 14 11.22 -0.001 21.49 12.58
27.01.2023 09:57:49 14.3 13.9 14 11.21 -0.001 21.5 12.58
27.01.2023 09:57:51 14.3 13.9 14 11.2 0.001 21.5 12.58
27.01.2023 09:57:53 14.2 13.9 14 11.21 -0.001 21.5 12.58
27.01.2023 09:57:55 14.2 13.9 14 11.22 0.003 21.49 12.58
27.01.2023 09:57:57 14.2 13.9 14 11.22 0.003 21.49 12.58
27.01.2023 09:57:59 14.2 13.9 14 11.22 0.003 21.5 12.58
27.01.2023 09:58:01 14.2 13.9 14 11.21 -0.003 21.49 12.58
27.01.2023 09:58:03 14.2 13.9 14 11.21 -0.001 21.5 12.58
27.01.2023 09:58:05 14.2 13.9 14 11.22 0.003 21.5 12.58
27.01.2023 09:58:07 14.2 13.9 14 11.22 -0.003 21.5 12.58
27.01.2023 09:58:09 14.2 13.9 14 11.21 0.001 21.49 12.58
27.01.2023 09:58:11 14.2 13.9 14 11.21 0.001 21.5 12.58
27.01.2023 09:58:13 14.2 13.9 14 11.21 0.001 21.5 12.58
27.01.2023 09:58:15 14.2 13.9 14 11.22 -0.003 21.5 12.59
27.01.2023 09:58:17 14.2 13.9 14 11.21 -0.001 21.49 12.59
27.01.2023 09:58:19 14.2 13.9 14 11.21 0.001 21.5 12.59
27.01.2023 09:58:21 14.3 13.9 14 11.21 0.001 21.5 12.59
27.01.2023 09:58:23 14.3 13.9 14 11.2 0 21.49 12.59
27.01.2023 09:58:25 14.3 13.9 14 11.22 0.001 21.49 12.59
27.01.2023 09:58:27 14.3 13.9 14 11.22 0.001 21.49 12.59
27.01.2023 09:58:29 14.2 13.9 14 11.21 0.001 21.49 12.59
27.01.2023 09:58:31 14.2 13.9 14 11.22 0 21.49 12.59
27.01.2023 09:58:33 14.2 13.9 14 11.21 0 21.49 12.59
27.01.2023 09:58:35 14.2 13.9 14 11.22 0.003 21.49 12.59
27.01.2023 09:58:37 14.2 13.9 14 11.2 0.003 21.49 12.59
27.01.2023 09:58:39 14.3 13.9 14 11.2 -0.001 21.49 12.59
27.01.2023 09:58:41 14.2 13.9 14 11.22 -0.001 21.49 12.59
27.01.2023 09:58:43 14.2 13.9 14 11.22 -0.001 21.49 12.59
27.01.2023 09:58:45 14.2 13.9 14 11.21 -0.001 21.49 12.59
27.01.2023 09:58:47 14.3 13.9 14 11.21 0 21.49 12.59
27.01.2023 09:58:49 14.2 13.9 14 11.2 -0.001 21.49 12.59
27.01.2023 09:58:51 14.2 13.9 14 11.2 0 21.49 12.59
27.01.2023 09:58:53 14.2 13.9 14 11.21 -0.001 21.49 12.59
27.01.2023 09:58:55 14.2 13.9 14 11.21 -0.001 21.49 12.59
27.01.2023 09:58:57 14.2 13.9 14 11.2 0 21.49 12.59
27.01.2023 09:58:59 14.2 13.9 14 11.2 0 21.49 12.59
27.01.2023 09:59:01 14.2 13.9 14 11.21 -0.001 21.49 12.59
27.01.2023 09:59:03 14.2 13.9 14 11.2 -0.001 21.49 12.59
27.01.2023 09:59:05 14.2 13.9 14 11.2 0.001 21.49 12.6
27.01.2023 09:59:07 14.2 13.9 14 11.21 0.001 21.48 12.59
27.01.2023 09:59:09 14.2 13.9 14 11.2 0.001 21.48 12.6
27.01.2023 09:59:11 14.2 13.9 14 11.2 -0.001 21.48 12.6
27.01.2023 09:59:13 14.2 13.9 14 11.2 -0.001 21.48 12.6
27.01.2023 09:59:23 14.2 13.9 14 11.2 -0.003 21.49 12.6
27.01.2023 09:59:33 14.2 13.9 14.1 11.2 0.001 21.48 12.6
27.01.2023 09:59:43 14.2 13.9 14.1 11.19 0.001 21.48 12.6
27.01.2023 09:59:53 14.2 13.9 14.1 11.2 0.001 21.48 12.6
27.01.2023 10:00:03 14.2 13.9 14.1 11.19 0.001 21.48 12.6
27.01.2023 10:00:13 14.2 13.9 14 11.19 0.003 21.48 12.61
27.01.2023 10:00:23 14.2 13.9 14.1 11.18 -0.003 21.48 12.61
27.01.2023 10:00:33 14.2 13.9 14.1 11.18 -0.001 21.48 12.61
27.01.2023 10:00:43 14.2 13.9 14.1 11.18 0 21.48 12.61
27.01.2023 10:00:53 14.2 13.9 14.1 11.17 0.001 21.48 12.61
27.01.2023 10:01:03 14.2 13.9 14 11.17 0.001 21.48 12.61
27.01.2023 10:01:13 14.2 13.9 14 11.17 -0.001 21.48 12.61
27.01.2023 10:01:23 14.2 13.9 14 11.17 -0.001 21.48 12.61
27.01.2023 10:01:33 14.2 13.9 14 11.17 0.005 21.48 12.62
27.01.2023 10:01:43 14.2 13.9 14 11.16 0 21.48 12.62
27.01.2023 10:01:53 14.2 13.9 14 11.16 0.003 21.48 12.62
27.01.2023 10:02:03 14.2 13.9 14 11.16 0.003 21.48 12.62
27.01.2023 10:02:13 14.2 13.9 14 11.17 0.001 21.48 12.62
27.01.2023 10:02:23 14.2 13.9 14 11.16 0 21.48 12.62
27.01.2023 10:02:33 14.2 13.9 14 11.15 0.001 21.48 12.62
27.01.2023 10:02:43 14.1 13.9 14 11.15 0.003 21.48 12.63
27.01.2023 10:02:53 14.1 13.9 14 11.15 -0.001 21.48 12.63
27.01.2023 10:03:03 14.1 13.9 14 11.14 0.003 21.48 12.63
27.01.2023 10:03:13 14.1 13.9 14 11.15 0.001 21.48 12.63
27.01.2023 10:03:23 14.1 13.9 14 11.16 0.007 21.48 12.63
27.01.2023 10:03:33 14.2 13.9 14 11.14 0.007 21.48 12.63
27.01.2023 10:03:43 14.2 13.9 14 11.14 0.001 21.48 12.63
27.01.2023 10:03:53 14.2 13.9 14 11.14 0.003 21.48 12.63
27.01.2023 10:04:03 14.2 13.9 14 11.14 0 21.47 12.63
27.01.2023 10:04:13 14.1 13.9 14 11.15 0.001 21.46 12.63
27.01.2023 10:04:23 14.1 13.9 14 11.13 0.005 21.47 12.63
27.01.2023 10:04:33 14.1 13.9 14 11.13 0.005 21.47 12.63
27.01.2023 10:04:43 14.1 13.9 14 11.14 0.005 21.47 12.63
27.01.2023 10:04:53 14.1 13.9 14 11.13 0.005 21.47 12.63
27.01.2023 10:05:03 14.2 13.9 14 11.13 0.005 21.46 12.63
27.01.2023 10:05:13 14.1 13.9 14 11.12 0.011 21.46 12.63
27.01.2023 10:05:23 14.2 13.9 14 11.13 0.003 21.46 12.63
27.01.2023 10:05:33 14.1 13.9 14 11.13 0.009 21.46 12.63
27.01.2023 10:05:43 14.1 13.9 14 11.12 0.009 21.46 12.63
27.01.2023 10:05:53 14.1 13.9 14 11.13 0.003 21.46 12.63
27.01.2023 10:06:03 14.1 13.9 14 11.11 0.007 21.46 12.63
27.01.2023 10:06:13 14.1 13.9 14 11.11 0.003 21.46 12.63
27.01.2023 10:06:23 14.1 13.9 14 11.11 0.009 21.46 12.64
27.01.2023 10:06:33 14.1 13.9 14 11.12 0.009 21.46 12.64
27.01.2023 10:06:43 14.1 13.9 14 11.11 0.007 21.46 12.64
27.01.2023 10:06:53 14.1 13.9 14 11.11 0.011 21.46 12.64
27.01.2023 10:07:03 14.1 13.9 14 11.11 0.005 21.46 12.64
27.01.2023 10:07:13 14.1 13.9 14 11.1 0.009 21.46 12.64
27.01.2023 10:07:23 14.1 13.9 14 11.11 0.005 21.46 12.63
27.01.2023 10:07:33 14.1 13.9 14 11.1 0.007 21.46 12.64
27.01.2023 10:07:43 14.1 13.9 14 11.1 0.011 21.46 12.64
27.01.2023 10:07:53 14.1 13.9 14 11.1 0.005 21.46 12.64
27.01.2023 10:08:03 14 13.9 13.9 11.09 0.009 21.46 12.64
27.01.2023 10:08:13 14 13.9 14 11.1 0.013 21.46 12.64
27.01.2023 10:08:23 14 13.9 14 11.09 0.011 21.46 12.64
27.01.2023 10:08:33 14 13.9 14 11.09 0.009 21.46 12.64
27.01.2023 10:08:43 14 13.9 14 11.1 0.009 21.46 12.64
27.01.2023 10:08:53 14 13.9 14 11.09 0.013 21.46 12.64
27.01.2023 10:09:03 14 13.9 14 11.08 0.015 21.46 12.64
27.01.2023 10:09:13 14 13.9 14 11.08 0.007 21.46 12.64
27.01.2023 10:09:23 14 13.9 14 11.07 0.013 21.46 12.64
27.01.2023 10:09:33 14 13.9 14 11.08 0.013 21.46 12.64
27.01.2023 10:09:43 14 13.9 14 11.08 0.013 21.46 12.64
27.01.2023 10:09:53 14 13.9 14 11.08 0.011 21.46 12.64
27.01.2023 10:10:03 14 13.9 14 11.07 0.015 21.46 12.64
27.01.2023 10:10:13 14 13.9 14 11.07 0.015 21.46 12.64
27.01.2023 10:10:23 14 13.9 14 11.06 0.013 21.45 12.64
27.01.2023 10:10:33 14 13.9 14 11.07 0.013 21.45 12.64
27.01.2023 10:10:43 14 13.9 14 11.07 0.015 21.45 12.64
27.01.2023 10:10:53 14 13.9 14.1 11.06 0.016 21.45 12.64
27.01.2023 10:11:03 14 13.9 14 11.07 0.015 21.45 12.64
27.01.2023 10:11:13 14 13.9 14 11.05 0.015 21.46 12.64
27.01.2023 10:11:23 14 13.9 14 11.05 0.02 21.45 12.64
27.01.2023 10:11:33 14 13.9 14.1 11.05 0.018 21.45 12.64
27.01.2023 10:11:43 14 13.9 14.1 11.06 0.018 21.45 12.64
27.01.2023 10:11:53 14 13.9 14 11.05 0.015 21.45 12.64
27.01.2023 10:12:03 14 13.9 14.1 11.06 0.018 21.45 12.64
27.01.2023 10:12:13 14 13.9 14.1 11.05 0.022 21.45 12.63
27.01.2023 10:12:23 14 13.9 14.1 11.05 0.016 21.44 12.64
27.01.2023 10:12:33 14 13.9 14.1 11.05 0.022 21.44 12.63
27.01.2023 10:12:43 14 13.9 14 11.04 0.022 21.44 12.64
27.01.2023 10:12:53 14 13.9 14.1 11.04 0.02 21.44 12.63
27.01.2023 10:13:03 14 13.9 14.1 11.04 0.024 21.45 12.63
27.01.2023 10:13:13 14 13.9 14.1 11.05 0.022 21.44 12.63
27.01.2023 10:13:23 14 13.9 14.1 11.04 0.022 21.44 12.63
27.01.2023 10:13:33 14 13.9 14 11.03 0.018 21.44 12.63
27.01.2023 10:13:43 13.9 13.9 14.1 11.02 0.022 21.44 12.63
27.01.2023 10:13:53 14 13.9 14.1 11.04 0.024 21.43 12.63
27.01.2023 10:14:03 14 13.9 14.1 11.02 0.028 21.43 12.63
27.01.2023 10:14:13 14 13.9 14.1 11.03 0.02 21.44 12.63
27.01.2023 10:14:23 14 13.9 14.1 11.02 0.024 21.43 12.63
27.01.2023 10:14:33 13.9 13.9 14.1 11.04 0.028 21.43 12.63
27.01.2023 10:14:43 13.9 13.9 14.1 11.03 0.03 21.44 12.63
27.01.2023 10:14:53 14 13.9 14.1 11.01 0.026 21.43 12.63
27.01.2023 10:15:03 14 13.9 14.1 11.02 0.028 21.44 12.63
27.01.2023 10:15:13 14 13.9 14.1 11.03 0.028 21.43 12.63
27.01.2023 10:15:23 13.9 13.9 14.1 11.02 0.03 21.43 12.63
27.01.2023 10:15:33 13.9 13.9 14.1 11.01 0.026 21.43 12.63
27.01.2023 10:15:43 13.9 13.9 14.1 11.02 0.031 21.43 12.63
27.01.2023 10:15:53 13.9 13.9 14.1 11 0.031 21.43 12.63
27.01.2023 10:16:03 14 13.9 14.1 11.01 0.031 21.43 12.63
27.01.2023 10:16:13 13.9 13.9 14.1 11.01 0.03 21.43 12.63
27.01.2023 10:16:23 13.9 13.9 14.1 11 0.033 21.43 12.63
27.01.2023 10:16:33 13.9 13.9 14.1 11.01 0.03 21.43 12.63
27.01.2023 10:16:43 13.9 13.9 14.1 11 0.03 21.43 12.63
27.01.2023 10:16:53 13.9 13.9 14.1 11 0.031 21.43 12.63
27.01.2023 10:17:03 13.9 13.9 14.1 11 0.033 21.43 12.63
27.01.2023 10:17:13 13.9 13.9 14.1 11 0.035 21.43 12.63
27.01.2023 10:17:23 13.9 13.9 14.1 11 0.037 21.43 12.63
27.01.2023 10:17:33 13.9 13.9 14.1 11.01 0.035 21.43 12.63
27.01.2023 10:17:43 13.9 13.9 14.1 10.99 0.039 21.43 12.63
27.01.2023 10:17:53 13.9 13.9 14.1 10.99 0.037 21.43 12.62
27.01.2023 10:18:03 13.9 13.9 14.1 10.99 0.039 21.43 12.62
27.01.2023 10:18:13 13.9 13.9 14.1 10.98 0.039 21.43 12.62
27.01.2023 10:18:23 13.9 13.9 14.1 10.99 0.035 21.43 12.62
27.01.2023 10:18:33 14 13.9 14.1 10.98 0.039 21.43 12.62
27.01.2023 10:18:43 14 13.9 14.1 10.98 0.037 21.42 12.62
27.01.2023 10:18:53 13.9 13.9 14.1 10.98 0.041 21.43 12.62
27.01.2023 10:19:03 13.9 13.9 14.1 10.98 0.043 21.42 12.62
27.01.2023 10:19:13 13.9 13.9 14.1 10.96 0.043 21.42 12.62
27.01.2023 10:19:23 13.9 13.9 14.1 10.98 0.041 21.43 12.62
27.01.2023 10:19:33 13.9 13.9 14.1 10.96 0.045 21.41 12.62
27.01.2023 10:19:43 13.9 13.9 14.1 10.97 0.045 21.42 12.62
27.01.2023 10:19:53 13.9 13.9 14.1 10.98 0.046 21.42 12.62
27.01.2023 10:20:03 13.9 13.9 14.1 10.98 0.045 21.42 12.62
27.01.2023 10:20:13 13.9 13.9 14.1 10.96 0.045 21.42 12.62
27.01.2023 10:20:23 13.9 13.9 14.1 10.97 0.046 21.42 12.62
27.01.2023 10:20:33 13.9 13.9 14.1 10.96 0.046 21.42 12.62
27.01.2023 10:20:43 13.9 13.9 14.1 10.96 0.048 21.42 12.61
27.01.2023 10:20:53 13.9 13.9 14 10.96 0.045 21.42 12.62
27.01.2023 10:21:03 13.9 13.9 14.1 10.96 0.046 21.42 12.62
27.01.2023 10:21:13 13.9 14 14.1 10.96 0.046 21.42 12.61
27.01.2023 10:21:23 13.9 13.9 14.1 10.97 0.05 21.42 12.61
27.01.2023 10:21:33 13.9 13.9 14.1 10.96 0.052 21.42 12.62
27.01.2023 10:21:43 13.9 13.9 14.1 10.95 0.045 21.42 12.62
27.01.2023 10:21:53 13.9 13.9 14.1 10.96 0.054 21.42 12.61
27.01.2023 10:22:03 13.9 13.9 14.1 10.95 0.052 21.41 12.61
27.01.2023 10:22:13 13.9 13.9 14.1 10.95 0.052 21.42 12.61
27.01.2023 10:22:23 13.9 13.9 14.1 10.95 0.054 21.41 12.61
27.01.2023 10:22:33 13.9 13.9 14.1 10.94 0.054 21.41 12.61
27.01.2023 10:22:43 13.9 13.9 14.1 10.95 0.056 21.41 12.61
27.01.2023 10:22:53 13.9 13.9 14.1 10.94 0.058 21.41 12.61
27.01.2023 10:23:03 13.9 13.9 14.1 10.94 0.058 21.41 12.61
27.01.2023 10:23:13 13.9 13.9 14.1 10.95 0.058 21.41 12.61
27.01.2023 10:23:23 13.9 13.9 14.1 10.94 0.056 21.41 12.61
27.01.2023 10:23:33 13.9 13.9 14 10.93 0.054 21.41 12.61
27.01.2023 10:23:43 13.9 13.9 14.1 10.95 0.06 21.41 12.61
27.01.2023 10:23:53 13.9 13.9 14.1 10.93 0.061 21.41 12.6
27.01.2023 10:24:03 13.9 13.9 14.1 10.94 0.065 21.41 12.6
27.01.2023 10:24:13 13.9 13.9 14.1 10.93 0.058 21.41 12.6
27.01.2023 10:24:23 13.9 13.9 14.1 10.93 0.063 21.41 12.6
27.01.2023 10:24:33 13.9 13.9 14 10.91 0.063 21.41 12.6
27.01.2023 10:24:43 13.9 13.9 14 10.93 0.063 21.41 12.6
27.01.2023 10:24:53 13.9 13.9 14.1 10.93 0.063 21.41 12.6
27.01.2023 10:25:03 13.9 13.9 14.1 10.92 0.063 21.41 12.6
27.01.2023 10:25:13 13.9 13.9 14.1 10.92 0.063 21.41 12.6
27.01.2023 10:25:23 13.9 13.9 14.1 10.92 0.073 21.41 12.6
27.01.2023 10:25:33 13.9 13.9 14.1 10.91 0.067 21.4 12.6
27.01.2023 10:25:43 13.9 13.9 14 10.91 0.067 21.41 12.6
27.01.2023 10:25:53 13.9 13.9 14.1 10.92 0.069 21.4 12.6
27.01.2023 10:26:03 13.9 13.9 14.1 10.91 0.069 21.4 12.6
27.01.2023 10:26:13 13.9 13.9 14.1 10.9 0.069 21.41 12.6
27.01.2023 10:26:23 13.9 13.9 14 10.9 0.071 21.4 12.6
27.01.2023 10:26:33 13.9 13.9 14 10.89 0.071 21.4 12.6
27.01.2023 10:26:43 13.9 13.9 14 10.92 0.071 21.4 12.6
27.01.2023 10:26:53 13.9 13.9 14 10.91 0.071 21.4 12.6
27.01.2023 10:27:03 13.9 13.9 14.1 10.9 0.073 21.4 12.6
27.01.2023 10:27:13 13.9 13.9 14.1 10.9 0.073 21.4 12.6
27.01.2023 10:27:23 13.9 13.9 14 10.9 0.076 21.4 12.6
27.01.2023 10:27:33 13.9 13.9 14 10.9 0.075 21.4 12.59
27.01.2023 10:27:43 13.9 13.9 14 10.89 0.076 21.4 12.59
27.01.2023 10:27:53 13.9 13.9 14.1 10.9 0.076 21.4 12.59
27.01.2023 10:28:03 13.9 13.9 14 10.89 0.078 21.4 12.59
27.01.2023 10:28:13 13.9 13.9 14.1 10.89 0.078 21.4 12.59
27.01.2023 10:28:23 13.9 13.9 14.1 10.88 0.076 21.4 12.59
27.01.2023 10:28:33 13.9 13.9 14 10.88 0.075 21.4 12.59
27.01.2023 10:28:43 13.9 13.9 14 10.88 0.078 21.4 12.59
27.01.2023 10:28:53 13.9 13.9 14 10.88 0.08 21.4 12.59
27.01.2023 10:29:03 13.9 13.9 14.1 10.89 0.08 21.4 12.59
27.01.2023 10:29:13 13.9 13.9 14.1 10.87 0.078 21.4 12.59
27.01.2023 10:29:23 13.9 13.9 14.1 10.88 0.08 21.4 12.59
27.01.2023 10:29:33 13.9 13.9 14 10.87 0.088 21.4 12.59
27.01.2023 10:29:43 13.9 13.9 14 10.88 0.082 21.4 12.59
27.01.2023 10:29:53 13.9 13.9 14 10.87 0.086 21.4 12.59
27.01.2023 10:30:03 13.9 13.9 14 10.86 0.088 21.4 12.58
27.01.2023 10:30:13 13.9 13.9 14 10.87 0.086 21.4 12.59
27.01.2023 10:30:23 13.9 13.9 14 10.87 0.091 21.4 12.58
27.01.2023 10:30:33 13.9 13.9 14 10.86 0.09 21.4 12.58
27.01.2023 10:30:43 13.9 13.9 14 10.87 0.086 21.4 12.58
27.01.2023 10:30:53 13.9 13.9 14 10.87 0.086 21.4 12.58
27.01.2023 10:31:03 13.9 13.9 14 10.86 0.088 21.4 12.58
27.01.2023 10:31:13 13.9 13.9 14 10.87 0.09 21.4 12.58
27.01.2023 10:31:23 13.9 13.9 14 10.86 0.093 21.4 12.58
27.01.2023 10:31:33 13.9 13.9 14 10.86 0.09 21.39 12.58
27.01.2023 10:31:43 13.9 13.9 14 10.86 0.09 21.39 12.58
27.01.2023 10:31:53 13.9 13.9 14 10.85 0.093 21.4 12.58
27.01.2023 10:32:03 13.9 13.9 14 10.85 0.095 21.4 12.58
27.01.2023 10:32:13 13.9 13.9 14 10.85 0.091 21.39 12.58
27.01.2023 10:32:23 13.9 13.9 14 10.85 0.095 21.39 12.58
27.01.2023 10:32:33 13.9 13.9 14 10.85 0.099 21.39 12.58
27.01.2023 10:32:43 13.9 13.9 14 10.86 0.097 21.38 12.58
27.01.2023 10:32:53 13.9 13.9 13.9 10.83 0.095 21.39 12.58
27.01.2023 10:33:03 13.9 13.9 13.9 10.85 0.097 21.39 12.58
27.01.2023 10:33:13 13.9 13.9 13.9 10.85 0.099 21.38 12.58
27.01.2023 10:33:23 13.9 13.9 13.9 10.84 0.101 21.38 12.58
27.01.2023 10:33:33 13.9 13.9 13.9 10.83 0.097 21.38 12.57
27.01.2023 10:33:43 13.9 13.9 13.9 10.84 0.103 21.38 12.57
27.01.2023 10:33:53 13.9 13.9 13.9 10.83 0.103 21.38 12.57
27.01.2023 10:34:03 13.9 13.9 13.9 10.83 0.103 21.38 12.57
27.01.2023 10:34:13 13.9 13.9 13.9 10.84 0.103 21.38 12.57
27.01.2023 10:34:23 13.9 13.9 13.9 10.84 0.103 21.38 12.57
27.01.2023 10:34:33 13.9 13.9 13.9 10.83 0.103 21.38 12.57
27.01.2023 10:34:43 13.9 13.9 13.9 10.82 0.103 21.38 12.57
27.01.2023 10:34:53 13.9 13.9 13.9 10.83 0.105 21.38 12.57
27.01.2023 10:35:03 13.9 13.9 13.9 10.83 0.105 21.38 12.57
27.01.2023 10:35:13 13.9 13.9 13.9 10.82 0.103 21.38 12.57
27.01.2023 10:35:23 13.9 13.9 13.9 10.81 0.105 21.38 12.57
27.01.2023 10:35:33 13.9 13.9 13.9 10.81 0.108 21.38 12.57
27.01.2023 10:35:43 13.9 13.9 13.9 10.81 0.106 21.38 12.57
27.01.2023 10:35:53 13.9 13.9 13.9 10.83 0.106 21.38 12.57
27.01.2023 10:36:03 13.9 13.9 13.9 10.81 0.112 21.37 12.57
27.01.2023 10:36:13 13.9 13.9 13.9 10.81 0.106 21.38 12.57
27.01.2023 10:36:23 13.9 13.9 13.9 10.81 0.116 21.38 12.57
27.01.2023 10:36:33 13.9 13.9 13.9 10.8 0.114 21.38 12.57
27.01.2023 10:36:43 13.9 13.9 13.9 10.81 0.118 21.38 12.57
27.01.2023 10:36:53 13.9 13.9 13.9 10.81 0.116 21.38 12.57
27.01.2023 10:37:03 13.9 13.9 13.9 10.8 0.118 21.38 12.57
27.01.2023 10:37:13 13.9 13.9 13.9 10.81 0.114 21.38 12.57
27.01.2023 10:37:23 13.9 13.9 13.9 10.79 0.118 21.38 12.56
27.01.2023 10:37:33 14 13.9 13.9 10.8 0.121 21.38 12.56
27.01.2023 10:37:43 14 13.9 13.9 10.8 0.121 21.38 12.56
27.01.2023 10:37:53 14 13.9 13.9 10.8 0.121 21.38 12.56
27.01.2023 10:38:03 13.9 13.9 13.9 10.79 0.121 21.37 12.56
27.01.2023 10:38:13 13.9 13.9 13.9 10.79 0.121 21.38 12.56
27.01.2023 10:38:23 13.9 13.9 13.9 10.79 0.121 21.37 12.56
27.01.2023 10:38:33 13.9 13.9 13.9 10.79 0.116 21.38 12.55
27.01.2023 10:38:43 13.9 13.9 13.9 10.79 0.121 21.38 12.56
27.01.2023 10:38:53 13.9 13.9 13.9 10.78 0.125 21.37 12.55
27.01.2023 10:39:03 13.9 13.9 13.9 10.79 0.127 21.36 12.55
27.01.2023 10:39:13 13.9 13.9 13.9 10.79 0.12 21.37 12.55
27.01.2023 10:39:23 14 13.9 13.9 10.79 0.125 21.38 12.55
27.01.2023 10:39:33 14 13.9 13.9 10.79 0.127 21.37 12.55
27.01.2023 10:39:43 14 13.9 13.9 10.77 0.131 21.38 12.55
27.01.2023 10:39:53 14 13.9 13.9 10.78 0.123 21.36 12.55
27.01.2023 10:40:03 13.9 13.9 13.9 10.76 0.129 21.37 12.55
27.01.2023 10:40:13 13.9 13.9 13.9 10.77 0.131 21.36 12.55
27.01.2023 10:40:23 13.9 13.9 13.9 10.77 0.129 21.36 12.55
27.01.2023 10:40:33 13.9 13.9 13.9 10.78 0.133 21.37 12.55
27.01.2023 10:40:43 13.9 13.9 13.9 10.77 0.136 21.36 12.55
27.01.2023 10:40:53 13.9 13.9 13.9 10.78 0.136 21.36 12.55
27.01.2023 10:41:03 14 13.9 13.9 10.76 0.133 21.36 12.55
27.01.2023 10:41:13 14 13.9 13.9 10.77 0.133 21.36 12.55
27.01.2023 10:41:23 13.9 13.9 13.9 10.76 0.135 21.36 12.55
27.01.2023 10:41:33 13.9 13.9 13.9 10.77 0.135 21.36 12.55
27.01.2023 10:41:43 13.9 13.9 13.9 10.76 0.136 21.36 12.55
27.01.2023 10:41:53 13.9 13.9 13.9 10.76 0.133 21.36 12.55
27.01.2023 10:42:03 13.9 13.9 13.9 10.75 0.138 21.36 12.55
27.01.2023 10:42:13 13.9 13.9 13.9 10.75 0.14 21.36 12.55
27.01.2023 10:42:23 14 13.9 13.9 10.75 0.138 21.36 12.54
27.01.2023 10:42:33 14 13.9 13.9 10.75 0.146 21.36 12.54
27.01.2023 10:42:43 14 13.9 13.9 10.75 0.146 21.36 12.54
27.01.2023 10:42:53 14 13.9 13.9 10.75 0.144 21.36 12.54
27.01.2023 10:43:03 13.9 13.9 13.9 10.74 0.14 21.35 12.54
27.01.2023 10:43:13 13.9 13.9 13.9 10.74 0.144 21.36 12.54
27.01.2023 10:43:23 14 13.9 13.9 10.75 0.142 21.35 12.54
27.01.2023 10:43:33 14 13.9 13.9 10.74 0.14 21.35 12.54
27.01.2023 10:43:43 14 13.9 13.9 10.75 0.151 21.35 12.54
27.01.2023 10:43:53 14 13.9 13.9 10.74 0.148 21.35 12.54
27.01.2023 10:44:03 13.9 13.9 13.9 10.73 0.146 21.35 12.54
27.01.2023 10:44:13 13.9 13.9 13.9 10.74 0.15 21.35 12.54
27.01.2023 10:44:23 13.9 13.9 13.9 10.73 0.151 21.35 12.54
27.01.2023 10:44:33 13.9 13.9 13.9 10.73 0.15 21.35 12.54
27.01.2023 10:44:43 14 13.9 13.9 10.73 0.153 21.35 12.54
27.01.2023 10:44:53 14 13.9 13.9 10.73 0.153 21.35 12.54
27.01.2023 10:45:03 14 13.9 13.9 10.72 0.15 21.35 12.54
27.01.2023 10:45:13 13.9 13.9 13.9 10.73 0.153 21.35 12.54
27.01.2023 10:45:23 13.9 13.9 13.9 10.72 0.151 21.35 12.54
27.01.2023 10:45:33 13.9 13.9 13.9 10.72 0.157 21.35 12.53
27.01.2023 10:45:43 13.9 13.9 13.9 10.72 0.155 21.35 12.54
27.01.2023 10:45:53 14 13.9 13.9 10.72 0.155 21.35 12.53
27.01.2023 10:46:03 14 13.9 13.9 10.72 0.159 21.35 12.53
27.01.2023 10:46:13 14 13.9 13.9 10.71 0.159 21.35 12.53
27.01.2023 10:46:23 14 13.9 13.9 10.72 0.155 21.35 12.53
27.01.2023 10:46:33 14 13.9 13.9 10.71 0.161 21.35 12.53
27.01.2023 10:46:43 14 13.9 13.9 10.71 0.159 21.35 12.53
27.01.2023 10:46:53 13.9 13.9 13.9 10.71 0.159 21.35 12.53
27.01.2023 10:47:03 14 13.9 13.9 10.71 0.161 21.35 12.53
27.01.2023 10:47:13 14 13.9 13.9 10.71 0.166 21.35 12.53
27.01.2023 10:47:23 14 13.9 13.9 10.71 0.166 21.35 12.53
27.01.2023 10:47:33 14 13.9 13.9 10.69 0.163 21.35 12.53
27.01.2023 10:47:43 14 13.9 13.9 10.7 0.166 21.35 12.53
27.01.2023 10:47:53 14 13.9 13.9 10.71 0.165 21.35 12.53
27.01.2023 10:48:03 14 13.9 13.9 10.7 0.165 21.34 12.53
27.01.2023 10:48:13 14 13.9 13.9 10.69 0.165 21.35 12.52
27.01.2023 10:48:23 14 13.9 13.9 10.69 0.168 21.34 12.52
27.01.2023 10:48:33 14 13.9 13.9 10.68 0.168 21.34 12.52
27.01.2023 10:48:43 14 13.9 13.9 10.69 0.168 21.35 12.52
27.01.2023 10:48:53 14 13.9 13.9 10.69 0.172 21.33 12.52
27.01.2023 10:49:03 14 13.9 13.9 10.69 0.172 21.34 12.52
27.01.2023 10:49:13 14 13.9 13.9 10.69 0.17 21.34 12.52
27.01.2023 10:49:23 13.9 13.9 13.9 10.67 0.174 21.34 12.52
27.01.2023 10:49:33 14 13.9 13.9 10.68 0.17 21.33 12.52
27.01.2023 10:49:43 14 13.9 13.9 10.69 0.176 21.33 12.52
27.01.2023 10:49:53 14 13.9 13.9 10.68 0.172 21.33 12.52
27.01.2023 10:50:03 14 13.9 13.9 10.68 0.18 21.33 12.52
27.01.2023 10:50:13 13.9 13.9 13.9 10.69 0.174 21.33 12.52
27.01.2023 10:50:23 14 13.9 13.9 10.68 0.18 21.33 12.51
27.01.2023 10:50:33 14 13.9 13.9 10.68 0.178 21.33 12.52
27.01.2023 10:50:43 14 13.9 13.9 10.68 0.178 21.33 12.52
27.01.2023 10:50:53 14 13.9 13.9 10.67 0.183 21.33 12.51
27.01.2023 10:51:03 14 13.9 13.9 10.68 0.18 21.33 12.51
27.01.2023 10:51:13 14 13.9 13.9 10.67 0.18 21.33 12.51
27.01.2023 10:51:23 14 13.9 13.9 10.67 0.183 21.33 12.52
27.01.2023 10:51:33 14 13.9 13.9 10.66 0.185 21.33 12.51
27.01.2023 10:51:43 14 13.9 13.9 10.67 0.181 21.33 12.51
27.01.2023 10:51:53 14 13.9 13.9 10.66 0.189 21.33 12.51
27.01.2023 10:52:03 14 13.9 13.9 10.65 0.18 21.33 12.51
27.01.2023 10:52:13 14 13.9 13.9 10.66 0.181 21.33 12.51
27.01.2023 10:52:23 14 13.9 13.9 10.66 0.183 21.33 12.51
27.01.2023 10:52:33 14 13.9 13.9 10.66 0.185 21.33 12.51
27.01.2023 10:52:43 14 13.9 13.9 10.65 0.185 21.33 12.51
27.01.2023 10:52:53 14 13.9 13.9 10.65 0.189 21.33 12.51
27.01.2023 10:53:03 14 13.9 13.9 10.65 0.193 21.33 12.51
27.01.2023 10:53:13 14 13.9 13.9 10.66 0.193 21.33 12.51
27.01.2023 10:53:23 14 13.9 13.9 10.65 0.191 21.33 12.5
27.01.2023 10:53:33 14 13.9 13.9 10.65 0.189 21.33 12.5
27.01.2023 10:53:43 14 13.9 13.9 10.65 0.193 21.33 12.5
27.01.2023 10:53:53 14 13.9 13.9 10.64 0.191 21.33 12.5
27.01.2023 10:54:03 14 13.9 13.9 10.64 0.196 21.33 12.5
27.01.2023 10:54:13 14 13.9 13.9 10.64 0.193 21.33 12.5
27.01.2023 10:54:23 14 13.9 13.9 10.63 0.195 21.33 12.5
27.01.2023 10:54:33 14 13.9 13.9 10.64 0.193 21.33 12.5
27.01.2023 10:54:43 14 13.9 13.9 10.63 0.196 21.33 12.5
27.01.2023 10:54:53 14 13.9 13.9 10.63 0.196 21.33 12.5
27.01.2023 10:55:03 13.9 13.9 13.9 10.64 0.2 21.32 12.5
27.01.2023 10:55:13 13.9 13.9 13.9 10.63 0.198 21.32 12.5
27.01.2023 10:55:23 13.9 13.9 13.9 10.63 0.198 21.32 12.5
27.01.2023 10:55:33 14 13.9 13.9 10.63 0.2 21.33 12.5
27.01.2023 10:55:43 14 13.9 13.9 10.64 0.202 21.32 12.49
27.01.2023 10:55:53 14 13.9 13.9 10.63 0.198 21.33 12.5
27.01.2023 10:56:03 14 13.9 13.9 10.62 0.202 21.32 12.5
27.01.2023 10:56:13 14 13.9 13.9 10.62 0.204 21.32 12.5
27.01.2023 10:56:23 14 13.9 13.9 10.62 0.204 21.33 12.49
27.01.2023 10:56:33 14 13.9 13.9 10.63 0.206 21.32 12.5
27.01.2023 10:56:43 13.9 13.9 13.9 10.64 0.208 21.32 12.49
27.01.2023 10:56:53 14 13.9 13.9 10.61 0.21 21.31 12.49
27.01.2023 10:57:03 14 13.9 13.9 10.62 0.21 21.31 12.49
27.01.2023 10:57:13 14 13.9 13.9 10.6 0.206 21.31 12.49
27.01.2023 10:57:23 14 13.9 13.9 10.62 0.208 21.32 12.49
27.01.2023 10:57:33 14 13.9 13.9 10.6 0.211 21.31 12.49
27.01.2023 10:57:43 14 13.9 13.9 10.62 0.208 21.32 12.49
27.01.2023 10:57:53 14 13.9 13.9 10.61 0.211 21.31 12.49
27.01.2023 10:58:03 14 13.9 13.9 10.6 0.213 21.31 12.49
27.01.2023 10:58:13 14 13.9 13.9 10.6 0.213 21.31 12.49
27.01.2023 10:58:23 14 13.9 13.9 10.6 0.217 21.31 12.49
27.01.2023 10:58:33 14 13.9 13.9 10.6 0.217 21.31 12.49
27.01.2023 10:58:43 14 13.9 13.9 10.59 0.215 21.31 12.49
27.01.2023 10:58:53 14 13.9 13.9 10.6 0.211 21.31 12.49
27.01.2023 10:59:03 13.9 13.9 13.9 10.59 0.217 21.31 12.49
27.01.2023 10:59:13 14 13.9 13.9 10.6 0.221 21.31 12.49
27.01.2023 10:59:23 14 13.9 13.9 10.59 0.219 21.31 12.49
27.01.2023 10:59:33 14 13.9 13.9 10.6 0.221 21.3 12.49
27.01.2023 10:59:43 14 13.9 13.9 10.6 0.221 21.31 12.48
27.01.2023 10:59:53 14 13.9 13.9 10.59 0.223 21.31 12.48
27.01.2023 11:00:03 14 13.9 13.9 10.59 0.225 21.3 12.48
27.01.2023 11:00:13 13.9 13.9 13.9 10.59 0.225 21.3 12.48
27.01.2023 11:00:23 13.9 13.9 13.9 10.59 0.219 21.31 12.48
27.01.2023 11:00:33 13.9 13.9 13.9 10.59 0.223 21.3 12.48
27.01.2023 11:00:43 14 13.9 13.9 10.57 0.225 21.3 12.48
27.01.2023 11:00:53 14 13.9 13.9 10.6 0.226 21.3 12.48
27.01.2023 11:01:03 14 13.9 13.9 10.58 0.225 21.3 12.48
27.01.2023 11:01:13 14 13.9 13.9 10.57 0.226 21.3 12.48
27.01.2023 11:01:23 13.9 13.9 13.9 10.58 0.23 21.3 12.48
27.01.2023 11:01:33 13.9 13.9 13.9 10.58 0.228 21.3 12.48
27.01.2023 11:01:43 13.9 13.9 13.9 10.59 0.228 21.3 12.48
27.01.2023 11:01:53 13.9 13.9 13.9 10.58 0.226 21.3 12.48
27.01.2023 11:02:03 14 13.9 13.9 10.57 0.234 21.3 12.48
27.01.2023 11:02:13 14 13.9 13.9 10.57 0.228 21.3 12.48
27.01.2023 11:02:23 14 13.9 13.9 10.57 0.232 21.3 12.47
27.01.2023 11:02:33 14 13.9 13.9 10.57 0.23 21.3 12.48
27.01.2023 11:02:43 14 13.9 13.9 10.56 0.234 21.3 12.47
27.01.2023 11:02:53 14 13.9 13.9 10.57 0.234 21.3 12.47
27.01.2023 11:03:03 13.9 13.9 13.9 10.57 0.234 21.3 12.47
27.01.2023 11:03:13 13.9 13.9 13.9 10.57 0.236 21.3 12.47
27.01.2023 11:03:23 13.9 13.9 13.9 10.57 0.238 21.3 12.47
27.01.2023 11:03:33 14 13.9 13.9 10.56 0.24 21.3 12.47
27.01.2023 11:03:43 14 13.9 13.9 10.56 0.236 21.3 12.47
27.01.2023 11:03:53 14 13.9 13.9 10.56 0.243 21.3 12.47
27.01.2023 11:04:03 14 13.9 13.9 10.56 0.236 21.3 12.47
27.01.2023 11:04:13 14 13.9 13.9 10.54 0.243 21.3 12.47
27.01.2023 11:04:23 14 13.9 13.9 10.55 0.241 21.3 12.46
27.01.2023 11:04:33 13.9 13.9 13.9 10.56 0.243 21.3 12.46
27.01.2023 11:04:43 13.9 13.9 13.9 10.54 0.245 21.3 12.46
27.01.2023 11:04:53 13.9 13.9 13.9 10.56 0.245 21.29 12.46
27.01.2023 11:05:03 14 13.9 13.9 10.55 0.243 21.3 12.46
27.01.2023 11:05:13 14 13.9 13.9 10.54 0.249 21.3 12.46
27.01.2023 11:05:23 14 13.9 13.9 10.56 0.249 21.3 12.46
27.01.2023 11:05:33 14 13.9 13.9 10.54 0.251 21.3 12.46
27.01.2023 11:05:43 14 13.9 13.9 10.53 0.249 21.29 12.46
27.01.2023 11:05:53 14 13.9 13.9 10.54 0.247 21.3 12.46
27.01.2023 11:06:03 14 13.9 13.9 10.54 0.249 21.29 12.46
27.01.2023 11:06:13 14 13.9 13.9 10.53 0.245 21.29 12.46
27.01.2023 11:06:23 14 13.9 13.9 10.53 0.253 21.29 12.46
27.01.2023 11:06:33 14 13.9 13.9 10.53 0.251 21.28 12.46
27.01.2023 11:06:43 14 13.9 13.9 10.52 0.256 21.29 12.46
27.01.2023 11:06:53 14 13.9 13.9 10.54 0.256 21.29 12.46
27.01.2023 11:07:03 14 13.9 13.9 10.53 0.256 21.28 12.46
27.01.2023 11:07:13 14 13.9 13.9 10.52 0.255 21.29 12.46
27.01.2023 11:07:23 13.9 13.9 13.9 10.53 0.253 21.28 12.46
27.01.2023 11:07:33 13.9 13.9 13.9 10.54 0.251 21.28 12.45
27.01.2023 11:07:43 14 13.9 13.9 10.52 0.258 21.28 12.45
27.01.2023 11:07:53 14 13.9 13.9 10.53 0.262 21.28 12.45
27.01.2023 11:08:03 14 13.9 13.9 10.52 0.26 21.28 12.45
27.01.2023 11:08:13 14 13.9 13.9 10.52 0.26 21.28 12.45
27.01.2023 11:08:23 14 13.9 13.9 10.52 0.26 21.28 12.46
27.01.2023 11:08:33 14 13.9 13.9 10.51 0.258 21.28 12.45
27.01.2023 11:08:43 14 13.9 13.9 10.52 0.258 21.28 12.45
27.01.2023 11:08:53 13.9 13.9 13.9 10.51 0.266 21.28 12.45
27.01.2023 11:09:03 13.9 13.9 13.9 10.51 0.266 21.28 12.45
27.01.2023 11:09:13 13.9 13.9 13.9 10.51 0.266 21.28 12.45
27.01.2023 11:09:23 14 13.9 13.9 10.51 0.268 21.28 12.45
27.01.2023 11:09:33 14 13.9 13.9 10.5 0.27 21.28 12.45
27.01.2023 11:09:43 14 13.9 13.9 10.5 0.27 21.28 12.45
27.01.2023 11:09:53 14 13.9 13.9 10.51 0.27 21.28 12.45
27.01.2023 11:10:03 14 13.9 13.9 10.5 0.268 21.28 12.45
27.01.2023 11:10:13 14 13.9 13.9 10.5 0.268 21.28 12.44
27.01.2023 11:10:23 14 13.9 13.9 10.51 0.27 21.28 12.45
27.01.2023 11:10:33 14 13.9 13.9 10.49 0.271 21.28 12.45
27.01.2023 11:10:43 14 13.9 13.9 10.49 0.275 21.28 12.44
27.01.2023 11:10:53 14 13.9 13.9 10.51 0.275 21.28 12.44
27.01.2023 11:11:03 14 13.9 13.9 10.49 0.277 21.28 12.44
27.01.2023 11:11:13 14 13.9 13.9 10.5 0.271 21.28 12.44
27.01.2023 11:11:23 14 13.9 13.9 10.49 0.271 21.28 12.44
27.01.2023 11:11:33 14 13.9 13.9 10.48 0.281 21.28 12.44
27.01.2023 11:11:43 14 13.9 13.9 10.49 0.279 21.28 12.44
27.01.2023 11:11:53 14 13.9 13.9 10.49 0.279 21.28 12.44
27.01.2023 11:12:03 14 13.9 13.9 10.49 0.277 21.28 12.44
27.01.2023 11:12:13 14 13.9 13.9 10.5 0.281 21.28 12.44
27.01.2023 11:12:23 14 13.9 13.9 10.48 0.283 21.28 12.44
27.01.2023 11:12:33 14 13.9 13.9 10.48 0.279 21.28 12.44
27.01.2023 11:12:43 14 13.9 13.9 10.48 0.281 21.28 12.44
27.01.2023 11:12:53 14 13.9 13.9 10.47 0.285 21.27 12.44
27.01.2023 11:13:03 14 13.9 13.9 10.48 0.285 21.27 12.44
27.01.2023 11:13:13 14 13.9 13.9 10.48 0.285 21.27 12.43
27.01.2023 11:13:23 13.9 13.9 13.9 10.47 0.285 21.27 12.43
27.01.2023 11:13:33 13.9 13.9 13.9 10.47 0.288 21.26 12.43
27.01.2023 11:13:43 13.9 13.9 13.9 10.47 0.285 21.26 12.43
27.01.2023 11:13:53 13.9 13.9 13.9 10.47 0.286 21.26 12.43
27.01.2023 11:14:03 13.9 13.9 13.9 10.47 0.286 21.27 12.43
27.01.2023 11:14:13 14 13.9 13.9 10.47 0.285 21.26 12.43
27.01.2023 11:14:23 14 13.9 13.9 10.47 0.294 21.27 12.43
27.01.2023 11:14:33 14 13.9 13.9 10.46 0.294 21.26 12.43
27.01.2023 11:14:43 14 13.9 13.9 10.48 0.292 21.26 12.43
27.01.2023 11:14:53 14 13.9 13.9 10.47 0.292 21.26 12.43
27.01.2023 11:15:03 14 13.9 13.9 10.45 0.288 21.26 12.43
27.01.2023 11:15:13 13.9 13.9 13.9 10.45 0.292 21.26 12.43
27.01.2023 11:15:23 14 13.9 13.9 10.46 0.294 21.26 12.42
27.01.2023 11:15:33 13.9 13.9 13.9 10.46 0.294 21.26 12.42
27.01.2023 11:15:43 14 13.9 13.9 10.47 0.294 21.26 12.42
27.01.2023 11:15:53 14 13.9 13.9 10.45 0.3 21.26 12.42
27.01.2023 11:16:03 14 13.9 13.9 10.46 0.3 21.26 12.42
27.01.2023 11:16:13 14 13.9 13.9 10.44 0.296 21.26 12.42
27.01.2023 11:16:23 14 13.9 13.9 10.44 0.3 21.26 12.42
27.01.2023 11:16:33 14 13.9 13.9 10.45 0.301 21.25 12.42
27.01.2023 11:16:43 14 13.9 13.9 10.45 0.3 21.25 12.42
27.01.2023 11:16:53 14 13.9 13.9 10.45 0.303 21.25 12.42
27.01.2023 11:17:03 14 13.9 13.9 10.45 0.3 21.25 12.42
27.01.2023 11:17:13 14 13.9 13.9 10.45 0.303 21.25 12.42
27.01.2023 11:17:23 13.9 13.9 13.9 10.44 0.3 21.25 12.42
27.01.2023 11:17:33 14 13.9 13.9 10.44 0.305 21.26 12.42
27.01.2023 11:17:43 14 13.9 13.9 10.43 0.301 21.26 12.42
27.01.2023 11:17:53 14 13.9 13.9 10.44 0.307 21.25 12.42
27.01.2023 11:18:03 14 13.9 13.9 10.44 0.301 21.25 12.42
27.01.2023 11:18:13 14 13.9 13.9 10.43 0.309 21.26 12.42
27.01.2023 11:18:23 14 13.9 13.9 10.43 0.307 21.25 12.42
27.01.2023 11:18:33 14 13.9 13.9 10.43 0.307 21.25 12.42
27.01.2023 11:18:43 14 13.9 13.9 10.43 0.309 21.25 12.42
27.01.2023 11:18:53 14 13.9 13.9 10.42 0.309 21.25 12.42
27.01.2023 11:19:03 14 13.9 13.9 10.42 0.313 21.25 12.42
27.01.2023 11:19:13 14 13.9 13.9 10.42 0.313 21.25 12.42
27.01.2023 11:19:23 14 13.9 13.9 10.44 0.316 21.25 12.42
27.01.2023 11:19:33 14 13.9 13.9 10.42 0.311 21.25 12.42
27.01.2023 11:19:43 14 13.9 13.9 10.41 0.315 21.25 12.42
27.01.2023 11:19:53 14 13.9 13.9 10.42 0.311 21.25 12.42
27.01.2023 11:20:03 14 13.9 13.9 10.43 0.311 21.25 12.41
27.01.2023 11:20:13 14 13.9 13.9 10.42 0.318 21.25 12.41
27.01.2023 11:20:23 14 13.9 13.9 10.41 0.315 21.25 12.41
27.01.2023 11:20:33 14 13.9 13.9 10.42 0.318 21.25 12.41
27.01.2023 11:20:43 14 13.9 13.9 10.42 0.318 21.25 12.41
27.01.2023 11:20:53 14 13.9 13.9 10.42 0.316 21.25 12.41
27.01.2023 11:21:03 14 13.9 13.9 10.41 0.318 21.25 12.41
27.01.2023 11:21:13 14 13.9 13.9 10.41 0.318 21.25 12.4
27.01.2023 11:21:23 14 13.9 13.9 10.41 0.318 21.25 12.4
27.01.2023 11:21:33 14 13.9 13.9 10.41 0.324 21.25 12.4
27.01.2023 11:21:43 14 13.9 13.9 10.4 0.32 21.25 12.4
27.01.2023 11:21:53 14 13.9 13.9 10.41 0.324 21.25 12.4
27.01.2023 11:22:03 14 13.9 13.9 10.39 0.324 21.25 12.4
27.01.2023 11:22:13 14 13.9 13.9 10.4 0.322 21.25 12.4
27.01.2023 11:22:23 14 13.9 13.9 10.41 0.324 21.25 12.4
27.01.2023 11:22:33 14 13.9 13.9 10.41 0.326 21.24 12.4
27.01.2023 11:22:43 14 13.9 13.9 10.39 0.328 21.24 12.4
27.01.2023 11:22:53 14 13.9 13.9 10.4 0.326 21.24 12.4
27.01.2023 11:23:03 14 13.9 13.9 10.41 0.328 21.24 12.4
27.01.2023 11:23:13 14 13.9 13.9 10.4 0.324 21.24 12.4
27.01.2023 11:23:23 13.9 13.9 13.9 10.38 0.331 21.25 12.4
27.01.2023 11:23:33 13.9 13.9 13.9 10.39 0.331 21.24 12.4
27.01.2023 11:23:43 14 13.9 13.9 10.4 0.33 21.23 12.4
27.01.2023 11:23:53 14 13.9 13.9 10.4 0.333 21.24 12.4
27.01.2023 11:24:03 14 13.9 13.9 10.39 0.333 21.23 12.4
27.01.2023 11:24:13 14 13.9 13.9 10.38 0.33 21.23 12.39
27.01.2023 11:24:23 14 13.9 13.9 10.4 0.331 21.24 12.39
27.01.2023 11:24:33 14 13.9 13.9 10.38 0.333 21.23 12.4
27.01.2023 11:24:43 14 13.9 13.9 10.37 0.337 21.24 12.39
27.01.2023 11:24:53 14 13.9 13.9 10.38 0.337 21.23 12.39
27.01.2023 11:25:03 14 13.9 13.9 10.39 0.337 21.24 12.39
27.01.2023 11:25:13 14 13.9 13.9 10.38 0.337 21.23 12.39
27.01.2023 11:25:23 14 13.9 13.9 10.38 0.335 21.24 12.39
27.01.2023 11:25:33 14 13.9 13.9 10.38 0.341 21.23 12.39
27.01.2023 11:25:43 14 13.9 13.9 10.38 0.337 21.23 12.39
27.01.2023 11:25:53 14 13.9 13.9 10.36 0.341 21.23 12.39
27.01.2023 11:26:03 14 13.9 13.9 10.36 0.343 21.23 12.39
27.01.2023 11:26:13 14 13.9 13.9 10.37 0.339 21.23 12.39
27.01.2023 11:26:23 14 13.9 13.9 10.37 0.343 21.23 12.39
27.01.2023 11:26:33 14 13.9 13.9 10.37 0.345 21.23 12.39
27.01.2023 11:26:43 14 13.9 13.9 10.36 0.343 21.23 12.39
27.01.2023 11:26:53 14 13.9 13.9 10.37 0.345 21.23 12.39
27.01.2023 11:27:03 14 13.9 13.9 10.36 0.345 21.23 12.39
27.01.2023 11:27:13 14 13.9 13.9 10.36 0.346 21.23 12.39
27.01.2023 11:27:23 14 13.9 13.9 10.35 0.345 21.23 12.39
27.01.2023 11:27:33 14 13.9 13.9 10.37 0.35 21.23 12.38
27.01.2023 11:27:43 14 13.9 13.9 10.36 0.346 21.23 12.38
27.01.2023 11:27:53 14 13.9 13.9 10.35 0.348 21.23 12.38
27.01.2023 11:28:03 14 13.9 13.9 10.35 0.352 21.23 12.38
27.01.2023 11:28:13 14 13.9 13.9 10.36 0.35 21.23 12.38
27.01.2023 11:28:23 14 13.9 13.9 10.35 0.352 21.23 12.38
27.01.2023 11:28:33 14 13.9 13.9 10.36 0.35 21.23 12.38
27.01.2023 11:28:43 14 13.9 13.9 10.36 0.352 21.23 12.38
27.01.2023 11:28:53 14 13.9 13.9 10.35 0.352 21.23 12.38
27.01.2023 11:29:03 14 13.9 13.9 10.35 0.352 21.23 12.38
27.01.2023 11:29:13 14 13.9 13.9 10.35 0.352 21.23 12.38
27.01.2023 11:29:23 14 13.9 13.9 10.34 0.354 21.23 12.38
27.01.2023 11:29:33 14 13.9 13.9 10.34 0.356 21.23 12.38
27.01.2023 11:29:43 14 13.9 13.9 10.35 0.36 21.23 12.38
27.01.2023 11:29:53 14 13.9 13.9 10.33 0.356 21.23 12.38
27.01.2023 11:30:03 14 13.9 13.9 10.35 0.356 21.23 12.37
27.01.2023 11:30:13 14 13.9 13.9 10.35 0.354 21.23 12.37
27.01.2023 11:30:23 14 13.9 13.9 10.34 0.36 21.22 12.38
27.01.2023 11:30:33 14 13.9 13.9 10.33 0.361 21.22 12.37
27.01.2023 11:30:43 14 13.9 13.9 10.34 0.361 21.22 12.37
27.01.2023 11:30:53 14 13.9 13.9 10.32 0.365 21.23 12.37
27.01.2023 11:31:03 14 13.9 13.9 10.34 0.363 21.23 12.37
27.01.2023 11:31:13 14 13.9 13.9 10.32 0.36 21.22 12.37
27.01.2023 11:31:23 14 13.9 13.9 10.33 0.367 21.22 12.37
27.01.2023 11:31:33 14 13.9 13.9 10.33 0.367 21.22 12.37
27.01.2023 11:31:43 14 13.9 13.9 10.32 0.367 21.21 12.37
27.01.2023 11:31:53 14 13.9 13.9 10.32 0.367 21.22 12.37
27.01.2023 11:32:03 14 13.9 13.9 10.32 0.365 21.22 12.37
27.01.2023 11:32:13 14 13.9 13.9 10.32 0.367 21.22 12.36
27.01.2023 11:32:23 14 13.9 13.9 10.32 0.371 21.21 12.37
27.01.2023 11:32:33 14 13.9 13.9 10.33 0.369 21.22 12.37
27.01.2023 11:32:43 14 13.9 13.9 10.32 0.373 21.21 12.36
27.01.2023 11:32:53 14 13.9 13.9 10.32 0.365 21.21 12.36
27.01.2023 11:33:03 14 13.9 13.9 10.31 0.369 21.21 12.37
27.01.2023 11:33:13 14 13.9 13.9 10.31 0.371 21.21 12.36
27.01.2023 11:33:23 14 13.9 13.9 10.31 0.373 21.22 12.36
27.01.2023 11:33:33 14 13.9 13.9 10.3 0.376 21.21 12.36
27.01.2023 11:33:43 14 13.9 13.9 10.3 0.375 21.22 12.36
27.01.2023 11:33:53 14 13.9 13.9 10.31 0.373 21.21 12.36
27.01.2023 11:34:03 14 13.9 13.9 10.3 0.375 21.21 12.36
27.01.2023 11:34:13 14 13.9 13.9 10.3 0.373 21.21 12.36
27.01.2023 11:34:23 14 13.9 13.9 10.3 0.378 21.21 12.36
27.01.2023 11:34:33 14 13.9 13.9 10.3 0.375 21.21 12.36
27.01.2023 11:34:43 14 13.9 13.9 10.3 0.373 21.21 12.36
27.01.2023 11:34:53 14 13.9 13.9 10.3 0.378 21.21 12.36
27.01.2023 11:35:03 14 13.9 13.9 10.29 0.375 21.21 12.35
27.01.2023 11:35:13 14 13.9 13.9 10.29 0.378 21.21 12.35
27.01.2023 11:35:23 14 13.9 13.9 10.29 0.384 21.21 12.35
27.01.2023 11:35:33 14 13.9 13.9 10.3 0.382 21.21 12.35
27.01.2023 11:35:43 14 13.9 13.9 10.29 0.384 21.21 12.35
27.01.2023 11:35:53 14 13.9 13.9 10.29 0.384 21.21 12.35
27.01.2023 11:36:03 14 13.9 13.9 10.3 0.386 21.21 12.35
27.01.2023 11:36:13 14 13.9 13.9 10.28 0.388 21.21 12.35
27.01.2023 11:36:23 14 13.9 13.9 10.28 0.386 21.21 12.35
27.01.2023 11:36:33 14 13.9 13.9 10.29 0.384 21.21 12.35
27.01.2023 11:36:43 14 13.9 13.9 10.29 0.39 21.21 12.35
27.01.2023 11:36:53 14 13.9 13.9 10.28 0.386 21.21 12.35
27.01.2023 11:37:03 14 13.9 13.9 10.29 0.386 21.21 12.35
27.01.2023 11:37:13 14 13.9 13.9 10.28 0.391 21.21 12.35
27.01.2023 11:37:23 14 13.9 13.9 10.27 0.39 21.21 12.35
27.01.2023 11:37:33 14 13.9 13.9 10.28 0.388 21.21 12.35
27.01.2023 11:37:43 14 13.9 13.9 10.27 0.395 21.21 12.35
27.01.2023 11:37:53 14 13.9 13.9 10.27 0.391 21.21 12.34
27.01.2023 11:38:03 14 13.9 13.9 10.28 0.386 21.21 12.34
27.01.2023 11:38:13 14 13.9 13.9 10.27 0.393 21.21 12.34
27.01.2023 11:38:23 14 13.9 13.9 10.27 0.391 21.21 12.34
27.01.2023 11:38:33 14 13.9 13.9 10.27 0.395 21.21 12.34
27.01.2023 11:38:43 14 13.9 13.9 10.27 0.393 21.21 12.34
27.01.2023 11:38:53 14 13.9 13.9 10.28 0.397 21.2 12.34
27.01.2023 11:39:03 14 13.9 13.9 10.26 0.393 21.21 12.34
27.01.2023 11:39:13 14 13.9 13.9 10.27 0.397 21.2 12.34
27.01.2023 11:39:23 14 13.9 13.9 10.26 0.395 21.2 12.34
27.01.2023 11:39:33 14 13.9 13.9 10.28 0.397 21.2 12.34
27.01.2023 11:39:43 14 13.9 13.9 10.26 0.401 21.2 12.34
27.01.2023 11:39:53 14 13.9 13.9 10.26 0.403 21.2 12.34
27.01.2023 11:40:03 14 13.9 13.9 10.27 0.399 21.2 12.34
27.01.2023 11:40:13 14 13.9 13.9 10.27 0.401 21.2 12.34
27.01.2023 11:40:23 14 13.9 13.9 10.26 0.405 21.2 12.34
27.01.2023 11:40:33 14 13.9 13.9 10.27 0.401 21.2 12.34
27.01.2023 11:40:43 13.9 13.9 13.9 10.25 0.406 21.2 12.34
27.01.2023 11:40:53 14 13.9 13.9 10.25 0.403 21.2 12.33
27.01.2023 11:41:03 14 13.9 13.9 10.26 0.405 21.2 12.33
27.01.2023 11:41:13 14 13.9 13.9 10.25 0.405 21.2 12.33
27.01.2023 11:41:23 14 13.9 13.9 10.25 0.408 21.19 12.33
27.01.2023 11:41:33 14 13.9 13.9 10.25 0.403 21.2 12.33
27.01.2023 11:41:43 14 13.9 13.9 10.25 0.408 21.19 12.33
27.01.2023 11:41:53 14 13.9 13.9 10.24 0.406 21.19 12.33
27.01.2023 11:42:03 14 13.9 13.9 10.25 0.406 21.19 12.33
27.01.2023 11:42:13 14 13.9 13.9 10.25 0.406 21.19 12.33
27.01.2023 11:42:23 14 13.9 13.9 10.25 0.41 21.19 12.33
27.01.2023 11:42:33 14 13.9 13.9 10.23 0.41 21.2 12.33
27.01.2023 11:42:43 14 13.9 13.9 10.24 0.412 21.18 12.33
27.01.2023 11:42:53 14 13.9 13.9 10.25 0.406 21.18 12.33
27.01.2023 11:43:03 14 13.9 13.9 10.24 0.412 21.18 12.33
27.01.2023 11:43:13 14 13.9 14 10.25 0.416 21.19 12.33
27.01.2023 11:43:23 14 13.9 14 10.24 0.414 21.18 12.33
27.01.2023 11:43:33 14 13.9 14 10.24 0.42 21.18 12.33
27.01.2023 11:43:43 14 13.9 14 10.23 0.418 21.18 12.33
27.01.2023 11:43:53 14 13.9 14 10.23 0.414 21.19 12.33
27.01.2023 11:44:03 14 13.9 14 10.23 0.418 21.18 12.32
27.01.2023 11:44:13 14 13.9 14 10.24 0.42 21.18 12.32
27.01.2023 11:44:23 14 13.9 14 10.23 0.418 21.18 12.32
27.01.2023 11:44:33 14 13.9 14 10.23 0.421 21.18 12.33
27.01.2023 11:44:43 14 13.9 14 10.21 0.423 21.18 12.32
27.01.2023 11:44:53 14 13.9 14 10.21 0.42 21.18 12.32
27.01.2023 11:45:03 14 13.9 14 10.22 0.423 21.18 12.32
27.01.2023 11:45:13 14 13.9 14 10.22 0.421 21.18 12.32
27.01.2023 11:45:23 14 13.9 14 10.23 0.42 21.18 12.32
27.01.2023 11:45:33 14 13.9 14 10.22 0.423 21.18 12.31
27.01.2023 11:45:43 14 13.9 14 10.21 0.418 21.18 12.31
27.01.2023 11:45:53 14 13.9 14 10.22 0.423 21.18 12.31
27.01.2023 11:46:03 14 13.9 14 10.22 0.427 21.18 12.31
27.01.2023 11:46:13 14 13.9 14 10.22 0.429 21.18 12.31
27.01.2023 11:46:23 14 13.9 14 10.21 0.427 21.18 12.31
27.01.2023 11:46:33 14 13.9 14 10.2 0.427 21.18 12.31
27.01.2023 11:46:43 14 13.9 14 10.21 0.429 21.18 12.31
27.01.2023 11:46:53 14 13.9 14 10.2 0.427 21.18 12.31
27.01.2023 11:47:03 14 13.9 14 10.21 0.431 21.18 12.31
27.01.2023 11:47:13 14 13.9 14 10.2 0.438 21.18 12.31
27.01.2023 11:47:23 14 13.9 14 10.21 0.431 21.18 12.31
27.01.2023 11:47:33 14 13.9 14 10.21 0.429 21.18 12.31
27.01.2023 11:47:43 14 13.9 14 10.2 0.435 21.18 12.31
27.01.2023 11:47:53 14 13.9 14 10.2 0.436 21.18 12.31
27.01.2023 11:48:03 14 13.9 14 10.2 0.435 21.18 12.31
27.01.2023 11:48:13 14 13.9 14 10.2 0.435 21.18 12.31
27.01.2023 11:48:23 14 13.9 13.9 10.2 0.435 21.18 12.31
27.01.2023 11:48:33 14 13.9 14 10.2 0.435 21.18 12.3
27.01.2023 11:48:43 14 13.9 14 10.19 0.435 21.18 12.3
27.01.2023 11:48:53 14 13.9 14 10.18 0.436 21.18 12.3
27.01.2023 11:49:03 14 13.9 14 10.19 0.438 21.18 12.3
27.01.2023 11:49:13 14 13.9 14 10.2 0.438 21.18 12.3
27.01.2023 11:49:23 14 13.9 14 10.2 0.442 21.17 12.3
27.01.2023 11:49:33 14 13.9 14 10.19 0.44 21.18 12.3
27.01.2023 11:49:43 14 13.9 14 10.19 0.442 21.17 12.3
27.01.2023 11:49:53 14 13.9 14 10.18 0.44 21.18 12.3
27.01.2023 11:50:03 14 13.9 14 10.18 0.44 21.17 12.3
27.01.2023 11:50:13 14 13.9 14 10.18 0.444 21.17 12.3
27.01.2023 11:50:23 14 13.9 14 10.18 0.44 21.17 12.3
27.01.2023 11:50:33 14 13.9 14 10.18 0.446 21.17 12.3
27.01.2023 11:50:43 14 13.9 14 10.17 0.446 21.17 12.3
27.01.2023 11:50:53 14 13.9 14 10.17 0.44 21.17 12.3
27.01.2023 11:51:03 14 13.9 14 10.18 0.446 21.16 12.3
27.01.2023 11:51:13 14 13.9 14 10.16 0.446 21.16 12.3
27.01.2023 11:51:23 14 13.9 14 10.17 0.448 21.17 12.29
27.01.2023 11:51:33 14 13.9 14 10.18 0.45 21.16 12.3
27.01.2023 11:51:43 14 13.9 14 10.17 0.45 21.17 12.3
27.01.2023 11:51:53 14 13.9 14 10.18 0.451 21.16 12.29
27.01.2023 11:52:03 14 13.9 14 10.18 0.451 21.16 12.29
27.01.2023 11:52:13 14 13.9 14 10.17 0.45 21.16 12.29
27.01.2023 11:52:23 14 13.9 14 10.17 0.451 21.16 12.29
27.01.2023 11:52:33 14 13.9 14 10.16 0.453 21.16 12.29
27.01.2023 11:52:43 14 13.9 14 10.15 0.455 21.16 12.29
27.01.2023 11:52:53 14 13.9 14 10.17 0.455 21.16 12.29
27.01.2023 11:53:03 13.9 13.9 14 10.17 0.453 21.16 12.29
27.01.2023 11:53:13 13.9 13.9 14 10.16 0.455 21.16 12.29
27.01.2023 11:53:23 13.9 13.9 14 10.16 0.455 21.16 12.29
27.01.2023 11:53:33 13.9 13.9 14 10.15 0.457 21.16 12.29
27.01.2023 11:53:43 13.9 13.9 14 10.15 0.457 21.16 12.29
27.01.2023 11:53:53 14 13.9 14 10.17 0.455 21.16 12.28
27.01.2023 11:54:03 14 13.9 14 10.16 0.459 21.16 12.28
27.01.2023 11:54:13 14 13.9 14 10.17 0.459 21.16 12.28
27.01.2023 11:54:23 14 13.9 14 10.15 0.461 21.16 12.28
27.01.2023 11:54:33 14 13.9 14 10.15 0.461 21.16 12.28
27.01.2023 11:54:43 14 13.9 14 10.14 0.461 21.16 12.28
27.01.2023 11:54:53 14 13.9 14 10.15 0.466 21.16 12.28
27.01.2023 11:55:03 14 13.9 14 10.15 0.461 21.16 12.28
27.01.2023 11:55:13 14 13.9 14 10.15 0.465 21.16 12.28
27.01.2023 11:55:23 14 13.9 14 10.14 0.465 21.16 12.28
27.01.2023 11:55:33 14 13.9 14 10.15 0.461 21.16 12.28
27.01.2023 11:55:43 14 13.9 14 10.13 0.463 21.16 12.27
27.01.2023 11:55:53 14 13.9 14 10.14 0.465 21.16 12.27
27.01.2023 11:56:03 14 13.9 14 10.13 0.466 21.16 12.27
27.01.2023 11:56:13 14 13.9 14 10.14 0.466 21.16 12.27
27.01.2023 11:56:23 14 13.9 14 10.13 0.466 21.16 12.27
27.01.2023 11:56:33 14 13.9 14 10.13 0.465 21.16 12.27
27.01.2023 11:56:43 14 13.9 14 10.14 0.47 21.16 12.27
27.01.2023 11:56:53 14 13.9 14 10.13 0.47 21.16 12.27
27.01.2023 11:57:03 14 13.9 14 10.14 0.47 21.16 12.27
27.01.2023 11:57:13 14 13.9 14 10.12 0.47 21.15 12.27
27.01.2023 11:57:23 13.9 13.9 14 10.12 0.474 21.16 12.27
27.01.2023 11:57:33 13.9 13.9 14 10.12 0.478 21.15 12.27
27.01.2023 11:57:43 13.9 13.9 14 10.12 0.478 21.15 12.27
27.01.2023 11:57:53 13.9 13.9 14 10.12 0.476 21.15 12.27
27.01.2023 11:58:03 13.9 13.9 14 10.13 0.476 21.15 12.27
27.01.2023 11:58:13 13.9 13.9 14 10.12 0.48 21.15 12.27
27.01.2023 11:58:23 13.9 13.9 14 10.11 0.48 21.15 12.27
27.01.2023 11:58:33 13.9 13.9 14 10.12 0.478 21.15 12.27
27.01.2023 11:58:43 13.9 13.9 14 10.12 0.48 21.15 12.27
27.01.2023 11:58:53 13.9 13.9 14 10.12 0.474 21.15 12.27
27.01.2023 11:59:03 14 13.9 14 10.11 0.48 21.15 12.27
27.01.2023 11:59:13 14 13.9 14 10.12 0.481 21.15 12.27
27.01.2023 11:59:23 14 13.9 14 10.11 0.48 21.15 12.27
27.01.2023 11:59:33 14 13.9 14 10.11 0.48 21.15 12.27
27.01.2023 11:59:43 14 13.9 14 10.11 0.483 21.15 12.27
27.01.2023 11:59:53 14 13.9 14 10.1 0.487 21.15 12.27
27.01.2023 12:00:03 14 13.9 14 10.1 0.483 21.15 12.27
27.01.2023 12:00:13 14 13.9 14 10.11 0.48 21.15 12.26
27.01.2023 12:00:23 14 13.9 14 10.11 0.485 21.15 12.27
27.01.2023 12:00:33 14 13.9 14 10.11 0.487 21.15 12.26
27.01.2023 12:00:43 14 13.9 14 10.11 0.487 21.14 12.26
27.01.2023 12:00:53 14 13.9 14 10.09 0.487 21.14 12.26
27.01.2023 12:01:03 14 13.9 14 10.09 0.483 21.14 12.26
27.01.2023 12:01:13 13.9 13.9 14 10.09 0.489 21.14 12.26
27.01.2023 12:01:23 13.9 13.9 14 10.1 0.491 21.14 12.25
27.01.2023 12:01:33 13.9 13.9 14 10.1 0.485 21.13 12.25
27.01.2023 12:01:43 13.9 13.9 14 10.11 0.487 21.14 12.25
27.01.2023 12:01:53 13.9 13.9 14 10.09 0.489 21.14 12.25
27.01.2023 12:02:03 13.9 13.9 14 10.1 0.489 21.13 12.26
27.01.2023 12:02:13 13.9 13.9 14 10.09 0.495 21.13 12.25
27.01.2023 12:02:23 13.9 13.9 14 10.09 0.489 21.14 12.25
27.01.2023 12:02:33 13.9 13.9 14 10.09 0.496 21.13 12.25
27.01.2023 12:02:43 13.9 13.9 14 10.08 0.498 21.13 12.25
27.01.2023 12:02:53 13.9 13.9 14 10.09 0.5 21.13 12.25
27.01.2023 12:03:03 14 13.9 14 10.1 0.496 21.13 12.25
27.01.2023 12:03:13 13.9 13.9 14 10.08 0.498 21.13 12.25
27.01.2023 12:03:23 14 13.9 14 10.09 0.502 21.13 12.25
27.01.2023 12:03:33 14 13.9 14 10.09 0.5 21.13 12.24
27.01.2023 12:03:43 14 13.9 14 10.08 0.496 21.13 12.24
27.01.2023 12:03:53 13.9 13.9 14 10.07 0.498 21.13 12.24
27.01.2023 12:04:03 14 13.9 14 10.08 0.5 21.13 12.24
27.01.2023 12:04:13 14 13.9 14 10.08 0.506 21.13 12.24
27.01.2023 12:04:23 14 13.9 14 10.09 0.5 21.13 12.24
27.01.2023 12:04:33 14 13.9 14 10.08 0.502 21.13 12.24
27.01.2023 12:04:43 13.9 13.9 14 10.08 0.498 21.13 12.24
27.01.2023 12:04:53 13.9 13.9 14 10.07 0.502 21.13 12.24
27.01.2023 12:05:03 13.9 13.9 14 10.08 0.5 21.13 12.24
27.01.2023 12:05:13 13.9 13.9 14 10.07 0.506 21.13 12.24
27.01.2023 12:05:23 13.9 13.9 14 10.07 0.506 21.13 12.24
27.01.2023 12:05:33 13.9 13.9 14 10.06 0.506 21.13 12.24
27.01.2023 12:05:43 13.9 13.9 14 10.07 0.506 21.13 12.24
27.01.2023 12:05:53 13.9 13.9 14 10.07 0.508 21.13 12.24
27.01.2023 12:06:03 13.9 13.9 14 10.08 0.511 21.13 12.24
27.01.2023 12:06:13 13.9 13.9 14 10.06 0.51 21.13 12.24
27.01.2023 12:06:23 13.9 13.9 14 10.05 0.508 21.13 12.24
27.01.2023 12:06:33 13.9 13.9 14 10.06 0.51 21.13 12.24
27.01.2023 12:06:43 13.9 13.9 14 10.06 0.513 21.13 12.24
27.01.2023 12:06:53 13.9 13.9 14 10.06 0.508 21.13 12.24
27.01.2023 12:07:03 13.9 13.9 14 10.06 0.511 21.13 12.24
27.01.2023 12:07:13 14 13.9 14 10.06 0.51 21.13 12.24
27.01.2023 12:07:23 14 13.9 14 10.05 0.513 21.13 12.24
27.01.2023 12:07:33 14 13.9 14 10.06 0.515 21.13 12.24
27.01.2023 12:07:43 14 13.9 14 10.06 0.517 21.13 12.24
27.01.2023 12:07:53 13.9 13.9 14 10.05 0.517 21.13 12.24
27.01.2023 12:08:03 13.9 13.9 14 10.06 0.513 21.13 12.23
27.01.2023 12:08:13 13.9 13.9 14 10.03 0.521 21.13 12.23
27.01.2023 12:08:23 13.9 13.9 14 10.05 0.513 21.12 12.23
27.01.2023 12:08:33 13.9 13.9 14 10.04 0.517 21.12 12.23
27.01.2023 12:08:43 13.9 13.9 14 10.05 0.521 21.13 12.23
27.01.2023 12:08:53 13.9 13.9 14 10.04 0.523 21.11 12.23
27.01.2023 12:09:03 13.9 13.9 14 10.03 0.525 21.12 12.23
27.01.2023 12:09:13 13.9 13.9 14 10.05 0.525 21.12 12.22
27.01.2023 12:09:23 13.9 13.9 14 10.05 0.517 21.12 12.22
27.01.2023 12:09:33 13.9 13.9 14 10.03 0.523 21.11 12.22
27.01.2023 12:09:43 13.9 13.9 14 10.03 0.526 21.12 12.22
27.01.2023 12:09:53 13.9 13.9 14 10.03 0.517 21.11 12.22
27.01.2023 12:10:03 13.9 13.9 14 10.04 0.521 21.12 12.22
27.01.2023 12:10:13 14 13.9 14 10.04 0.525 21.12 12.22
27.01.2023 12:10:23 13.9 13.9 14 10.04 0.521 21.12 12.22
27.01.2023 12:10:33 13.9 13.9 14 10.03 0.526 21.11 12.22
27.01.2023 12:10:43 14 13.9 14 10.03 0.528 21.11 12.22
27.01.2023 12:10:53 14 13.9 14 10.03 0.523 21.11 12.22
27.01.2023 12:11:03 13.9 13.9 14 10.04 0.526 21.11 12.22
27.01.2023 12:11:13 13.9 13.9 14 10.03 0.526 21.11 12.22
27.01.2023 12:11:23 13.9 13.9 14 10.02 0.528 21.11 12.22
27.01.2023 12:11:33 13.9 13.9 14 10.03 0.528 21.11 12.22
27.01.2023 12:11:43 13.9 13.9 14 10.03 0.528 21.11 12.22
27.01.2023 12:11:53 13.9 13.9 14 10.03 0.53 21.11 12.22
27.01.2023 12:12:03 13.9 13.9 14 10.01 0.532 21.11 12.22
27.01.2023 12:12:13 13.9 13.9 14 10.02 0.534 21.11 12.21
27.01.2023 12:12:23 14 13.9 14 10.01 0.534 21.11 12.21
27.01.2023 12:12:33 13.9 13.9 14 10.02 0.534 21.11 12.21
27.01.2023 12:12:43 13.9 13.9 14 10.02 0.534 21.11 12.21
27.01.2023 12:12:53 14 13.9 14 10.01 0.534 21.11 12.21
27.01.2023 12:13:03 14 13.9 14 10.01 0.534 21.11 12.21
27.01.2023 12:13:13 14 13.9 14 10 0.54 21.11 12.21
27.01.2023 12:13:23 14 13.9 14 10.02 0.538 21.11 12.21
27.01.2023 12:13:33 14 13.9 14 10.01 0.536 21.11 12.21
27.01.2023 12:13:43 14 13.9 14 10.01 0.54 21.11 12.21
27.01.2023 12:13:53 14 13.9 14 10.02 0.534 21.11 12.21
27.01.2023 12:14:03 14 13.9 14 10.02 0.538 21.11 12.21
27.01.2023 12:14:13 14 13.9 14 10.01 0.54 21.11 12.21
27.01.2023 12:14:23 13.9 13.9 14 9.99 0.538 21.11 12.21
27.01.2023 12:14:33 13.9 13.9 14 10.01 0.538 21.11 12.21
27.01.2023 12:14:43 13.9 13.9 14 10 0.545 21.11 12.21
27.01.2023 12:14:53 13.9 13.9 14 10 0.541 21.11 12.21
27.01.2023 12:15:03 13.9 13.9 14 10 0.541 21.11 12.21
27.01.2023 12:15:13 13.9 13.9 14 10 0.545 21.11 12.2
27.01.2023 12:15:23 13.9 13.9 14 10.01 0.545 21.11 12.2
27.01.2023 12:15:33 13.9 13.9 14 9.99 0.549 21.1 12.2
27.01.2023 12:15:43 13.9 13.9 14 9.99 0.545 21.11 12.2
27.01.2023 12:15:53 13.9 13.9 14 9.99 0.541 21.1 12.2
27.01.2023 12:16:03 13.9 13.9 14 9.99 0.545 21.11 12.2
27.01.2023 12:16:13 13.9 13.9 14 9.99 0.547 21.1 12.2
27.01.2023 12:16:23 13.9 13.9 14 9.99 0.549 21.1 12.2
27.01.2023 12:16:33 14 13.9 14 9.99 0.549 21.1 12.2
27.01.2023 12:16:43 14 13.9 14 9.98 0.551 21.11 12.2
27.01.2023 12:16:53 14 13.9 14 9.98 0.553 21.11 12.2
27.01.2023 12:17:03 14 13.9 14 9.97 0.553 21.1 12.2
27.01.2023 12:17:13 14 13.9 14 9.99 0.555 21.1 12.2
27.01.2023 12:17:23 14 13.9 14 9.97 0.549 21.1 12.2
27.01.2023 12:17:33 14 13.9 14 9.99 0.553 21.1 12.2
27.01.2023 12:17:43 14 13.9 14 9.98 0.556 21.1 12.2
27.01.2023 12:17:53 14 13.9 14 9.99 0.556 21.1 12.2
27.01.2023 12:18:03 14 13.9 14 9.98 0.553 21.1 12.2
27.01.2023 12:18:13 13.9 13.9 14 9.98 0.555 21.1 12.19
27.01.2023 12:18:23 13.9 13.9 14 9.98 0.556 21.1 12.19
27.01.2023 12:18:33 13.9 13.9 14 9.98 0.551 21.1 12.19
27.01.2023 12:18:43 13.9 13.9 14 9.97 0.553 21.1 12.19
27.01.2023 12:18:53 13.9 13.9 14 9.98 0.562 21.1 12.19
27.01.2023 12:19:03 13.9 13.9 14 9.97 0.558 21.1 12.19
27.01.2023 12:19:13 13.9 13.9 14 9.96 0.558 21.1 12.19
27.01.2023 12:19:23 13.9 13.9 14 9.97 0.56 21.1 12.19
27.01.2023 12:19:33 13.9 13.9 14 9.96 0.556 21.09 12.19
27.01.2023 12:19:43 13.9 13.9 14 9.97 0.56 21.09 12.19
27.01.2023 12:19:53 13.9 13.9 14 9.95 0.562 21.1 12.18
27.01.2023 12:20:03 13.9 13.9 14 9.96 0.564 21.09 12.18
27.01.2023 12:20:13 13.9 13.9 14 9.95 0.558 21.09 12.18
27.01.2023 12:20:23 13.9 13.9 14 9.97 0.562 21.09 12.18
27.01.2023 12:20:33 13.9 13.9 14 9.96 0.564 21.09 12.18
27.01.2023 12:20:43 13.9 13.9 13.9 9.95 0.564 21.09 12.18
27.01.2023 12:20:53 13.9 13.9 14 9.94 0.564 21.09 12.18
27.01.2023 12:21:03 13.9 13.9 14 9.97 0.564 21.09 12.18
27.01.2023 12:21:13 13.9 13.9 14 9.96 0.57 21.09 12.18
27.01.2023 12:21:23 13.9 13.9 14 9.96 0.568 21.09 12.18
27.01.2023 12:21:33 13.9 13.9 13.9 9.96 0.571 21.09 12.18
27.01.2023 12:21:43 13.9 13.9 13.9 9.95 0.564 21.09 12.18
27.01.2023 12:21:53 13.9 13.9 13.9 9.95 0.571 21.09 12.18
27.01.2023 12:22:03 13.9 13.9 13.9 9.94 0.566 21.09 12.18
27.01.2023 12:22:13 13.9 13.9 13.9 9.94 0.573 21.09 12.18
27.01.2023 12:22:23 13.9 13.9 13.9 9.94 0.573 21.09 12.18
27.01.2023 12:22:33 13.9 13.9 13.9 9.94 0.571 21.09 12.18
27.01.2023 12:22:43 13.9 13.9 13.9 9.94 0.577 21.09 12.18
27.01.2023 12:22:53 13.9 13.9 13.9 9.94 0.575 21.09 12.17
27.01.2023 12:23:03 13.9 13.9 13.9 9.95 0.571 21.09 12.17
27.01.2023 12:23:13 13.9 13.9 13.9 9.93 0.571 21.09 12.17
27.01.2023 12:23:23 13.9 13.9 13.9 9.94 0.573 21.09 12.17
27.01.2023 12:23:33 13.9 13.9 13.9 9.94 0.575 21.09 12.17
27.01.2023 12:23:43 13.9 13.9 13.9 9.94 0.575 21.09 12.17
27.01.2023 12:23:53 14 13.9 13.9 9.93 0.579 21.09 12.17
27.01.2023 12:24:03 13.9 13.9 13.9 9.93 0.577 21.09 12.17
27.01.2023 12:24:13 14 13.9 13.9 9.94 0.577 21.08 12.17
27.01.2023 12:24:23 13.9 13.9 13.9 9.93 0.583 21.08 12.17
27.01.2023 12:24:33 13.9 13.9 13.9 9.93 0.579 21.08 12.17
27.01.2023 12:24:43 13.9 13.9 13.9 9.93 0.579 21.08 12.17
27.01.2023 12:24:53 13.9 13.9 13.9 9.92 0.588 21.08 12.17
27.01.2023 12:25:03 13.9 13.9 13.9 9.93 0.583 21.08 12.17
27.01.2023 12:25:13 13.9 13.9 13.9 9.92 0.581 21.09 12.17
27.01.2023 12:25:23 13.9 13.9 13.9 9.93 0.581 21.08 12.16
27.01.2023 12:25:33 13.9 13.9 13.9 9.93 0.581 21.08 12.16
27.01.2023 12:25:43 13.9 13.9 13.9 9.93 0.581 21.08 12.16
27.01.2023 12:25:53 13.9 13.9 13.9 9.91 0.579 21.08 12.16
27.01.2023 12:26:03 13.9 13.9 13.9 9.92 0.581 21.08 12.16
27.01.2023 12:26:13 13.9 13.9 13.9 9.91 0.585 21.08 12.16
27.01.2023 12:26:23 13.9 13.9 13.9 9.92 0.581 21.08 12.16
27.01.2023 12:26:33 13.9 13.9 13.9 9.91 0.586 21.08 12.16
27.01.2023 12:26:43 13.9 13.9 13.9 9.92 0.585 21.08 12.16
27.01.2023 12:26:53 13.9 13.9 13.9 9.92 0.588 21.08 12.16
27.01.2023 12:27:03 13.9 13.9 14 9.91 0.586 21.08 12.16
27.01.2023 12:27:13 13.9 13.9 14 9.91 0.585 21.07 12.16
27.01.2023 12:27:23 13.9 13.9 14 9.91 0.588 21.07 12.16
27.01.2023 12:27:33 13.9 13.9 14 9.91 0.592 21.08 12.16
27.01.2023 12:27:43 14 13.9 14 9.9 0.586 21.08 12.16
27.01.2023 12:27:53 14 13.9 14 9.91 0.59 21.08 12.16
27.01.2023 12:28:03 14 13.9 14 9.91 0.59 21.08 12.16
27.01.2023 12:28:13 14 13.9 14 9.9 0.594 21.07 12.16
27.01.2023 12:28:23 14 13.9 14 9.91 0.59 21.07 12.15
27.01.2023 12:28:33 14 13.9 14 9.91 0.598 21.07 12.15
27.01.2023 12:28:43 14 13.9 14 9.9 0.59 21.07 12.15
27.01.2023 12:28:53 14 13.9 14 9.9 0.598 21.06 12.15
27.01.2023 12:29:03 14.1 13.9 14 9.9 0.594 21.07 12.15
27.01.2023 12:29:13 14.3 13.9 14 9.88 0.594 21.07 12.15
27.01.2023 12:29:23 14.3 13.9 14 9.9 0.601 21.07 12.15
27.01.2023 12:29:33 14.2 13.9 14 9.89 0.598 21.07 12.15
27.01.2023 12:29:43 14.2 13.9 14 9.9 0.592 21.06 12.15
27.01.2023 12:29:53 14.2 13.9 14 9.88 0.598 21.06 12.16
27.01.2023 12:30:03 14.3 13.9 14 9.87 0.6 21.06 12.15
27.01.2023 12:30:13 14.3 13.9 14 9.89 0.601 21.06 12.15
27.01.2023 12:30:23 14.4 13.9 14 9.9 0.601 21.06 12.16
27.01.2023 12:30:33 14.4 13.9 14 9.89 0.596 21.06 12.16
27.01.2023 12:30:43 14.3 13.9 14 9.9 0.598 21.06 12.16
27.01.2023 12:30:53 14.2 13.9 14 9.9 0.607 21.06 12.16
27.01.2023 12:31:03 14.3 13.9 14 9.89 0.603 21.06 12.16
27.01.2023 12:31:13 14.4 13.9 14 9.89 0.601 21.06 12.16
27.01.2023 12:31:23 14.4 13.9 14 9.87 0.605 21.06 12.16
27.01.2023 12:31:33 14.5 13.9 14 9.89 0.601 21.06 12.16
27.01.2023 12:31:43 14.5 13.9 14 9.88 0.603 21.06 12.16
27.01.2023 12:31:53 14.4 13.9 14 9.88 0.607 21.06 12.16
27.01.2023 12:32:03 14.3 14 14 9.89 0.607 21.06 12.16
27.01.2023 12:32:13 14.3 14 14 9.88 0.605 21.06 12.16
27.01.2023 12:32:23 14.3 14 14 9.89 0.605 21.06 12.16
27.01.2023 12:32:33 14.3 13.9 14 9.88 0.609 21.06 12.16
27.01.2023 12:32:43 14.2 14 14 9.88 0.609 21.06 12.16
27.01.2023 12:32:53 14.2 14 14 9.88 0.611 21.06 12.16
27.01.2023 12:33:03 14.2 14 14 9.88 0.615 21.06 12.16
27.01.2023 12:33:13 14.2 13.9 14 9.86 0.605 21.06 12.16
27.01.2023 12:33:23 14.2 13.9 14 9.87 0.616 21.06 12.16
27.01.2023 12:33:33 14.2 13.9 14 9.87 0.615 21.06 12.16
27.01.2023 12:33:43 14.2 13.9 14 9.86 0.615 21.06 12.16
27.01.2023 12:33:53 14.2 13.9 14 9.87 0.611 21.06 12.16
27.01.2023 12:34:03 14.2 13.9 14 9.87 0.616 21.06 12.16
27.01.2023 12:34:13 14.2 13.9 14 9.87 0.615 21.06 12.16
27.01.2023 12:34:23 14.2 13.9 14 9.86 0.615 21.06 12.16
27.01.2023 12:34:33 14.2 13.9 14 9.87 0.616 21.06 12.16
27.01.2023 12:34:43 14.2 13.9 14 9.86 0.618 21.06 12.16
27.01.2023 12:34:53 14.2 13.9 14 9.87 0.615 21.05 12.16
27.01.2023 12:35:03 14.2 13.9 14 9.87 0.622 21.05 12.16
27.01.2023 12:35:13 14.2 13.9 14 9.86 0.616 21.06 12.16
27.01.2023 12:35:23 14.2 13.9 14 9.86 0.622 21.05 12.16
27.01.2023 12:35:33 14.2 13.9 14 9.85 0.618 21.05 12.16
27.01.2023 12:35:43 14.2 13.9 14 9.85 0.622 21.05 12.16
27.01.2023 12:35:53 14.2 13.9 14 9.85 0.624 21.05 12.16
27.01.2023 12:36:03 14.1 13.9 14 9.85 0.616 21.06 12.16
27.01.2023 12:36:13 14.1 13.9 14 9.84 0.624 21.05 12.16
27.01.2023 12:36:23 14.2 13.9 14 9.85 0.624 21.05 12.16
27.01.2023 12:36:33 14.1 13.9 14 9.85 0.624 21.05 12.16
27.01.2023 12:36:43 14.1 13.9 14 9.84 0.624 21.05 12.16
27.01.2023 12:36:53 14.1 13.9 14 9.84 0.622 21.05 12.16
27.01.2023 12:37:03 14.1 13.9 14 9.84 0.624 21.05 12.16
27.01.2023 12:37:13 14.1 13.9 14 9.85 0.626 21.05 12.16
27.01.2023 12:37:23 14.1 13.9 13.9 9.85 0.626 21.05 12.16
27.01.2023 12:37:33 14.1 13.9 13.9 9.84 0.624 21.05 12.16
27.01.2023 12:37:43 14.1 13.9 13.9 9.84 0.628 21.05 12.15
27.01.2023 12:37:53 14.1 13.9 13.9 9.84 0.626 21.04 12.15
27.01.2023 12:38:03 14.1 13.9 13.9 9.84 0.63 21.04 12.16
27.01.2023 12:38:13 14.1 13.9 13.9 9.84 0.633 21.05 12.15
27.01.2023 12:38:23 14.1 13.9 13.9 9.85 0.626 21.05 12.15
27.01.2023 12:38:33 14.1 13.9 13.9 9.83 0.628 21.04 12.15
27.01.2023 12:38:43 14.1 13.9 13.9 9.83 0.631 21.04 12.15
27.01.2023 12:38:53 14.1 13.9 14 9.84 0.631 21.05 12.15
27.01.2023 12:39:03 14.1 13.9 14 9.85 0.633 21.05 12.15
27.01.2023 12:39:13 14.1 13.9 14 9.84 0.631 21.04 12.15
27.01.2023 12:39:23 14.1 13.9 14 9.84 0.635 21.04 12.15
27.01.2023 12:39:33 14.1 13.9 13.9 9.84 0.635 21.04 12.15
27.01.2023 12:39:43 14.1 13.9 13.9 9.82 0.635 21.04 12.15
27.01.2023 12:39:53 14 13.9 13.9 9.84 0.633 21.04 12.15
27.01.2023 12:40:03 14.1 13.9 13.9 9.82 0.631 21.04 12.15
27.01.2023 12:40:13 14.1 13.9 13.9 9.82 0.631 21.04 12.15
27.01.2023 12:40:23 14.1 13.9 13.9 9.84 0.639 21.04 12.15
27.01.2023 12:40:33 14.1 13.9 13.9 9.82 0.637 21.04 12.15
27.01.2023 12:40:43 14.1 13.9 13.9 9.83 0.637 21.04 12.15
27.01.2023 12:40:53 14.1 13.9 13.9 9.81 0.635 21.04 12.15
27.01.2023 12:41:03 14.1 13.9 13.9 9.82 0.641 21.04 12.15
27.01.2023 12:41:13 14.1 13.9 13.9 9.81 0.639 21.04 12.14
27.01.2023 12:41:23 14.1 13.9 13.9 9.83 0.641 21.04 12.14
27.01.2023 12:41:33 14.1 13.9 13.9 9.81 0.641 21.04 12.14
27.01.2023 12:41:43 14.1 13.9 13.9 9.82 0.641 21.04 12.14
27.01.2023 12:41:53 14.1 13.9 13.9 9.81 0.645 21.04 12.14
27.01.2023 12:42:03 14.1 13.9 13.9 9.81 0.639 21.04 12.14
27.01.2023 12:42:13 14 13.9 13.9 9.82 0.645 21.04 12.13
27.01.2023 12:42:23 14 13.9 13.9 9.81 0.643 21.04 12.13
27.01.2023 12:42:33 14 13.9 13.9 9.8 0.645 21.04 12.14
27.01.2023 12:42:43 14 13.9 13.9 9.81 0.645 21.03 12.13
27.01.2023 12:42:53 14 13.9 13.9 9.81 0.641 21.04 12.13
27.01.2023 12:43:03 14 13.9 13.9 9.81 0.645 21.04 12.13
27.01.2023 12:43:13 14 13.9 13.9 9.81 0.648 21.03 12.13
27.01.2023 12:43:23 14 13.9 13.9 9.8 0.646 21.04 12.13
27.01.2023 12:43:33 14 13.9 13.9 9.81 0.645 21.03 12.13
27.01.2023 12:43:43 14 13.9 13.9 9.8 0.648 21.04 12.13
27.01.2023 12:43:53 14 13.9 13.9 9.79 0.648 21.03 12.13
27.01.2023 12:44:03 14 13.9 13.9 9.8 0.652 21.04 12.13
27.01.2023 12:44:13 14 13.9 13.9 9.81 0.652 21.03 12.13
27.01.2023 12:44:23 14 13.9 13.9 9.8 0.648 21.03 12.13
27.01.2023 12:44:33 14 13.9 13.9 9.79 0.65 21.03 12.13
27.01.2023 12:44:43 14 13.9 13.9 9.79 0.652 21.03 12.13
27.01.2023 12:44:53 14 13.9 13.9 9.8 0.656 21.03 12.13
27.01.2023 12:45:03 14 13.9 13.9 9.8 0.654 21.03 12.13
27.01.2023 12:45:13 14 13.9 13.9 9.79 0.652 21.03 12.13
27.01.2023 12:45:23 14 13.9 13.9 9.79 0.654 21.03 12.13
27.01.2023 12:45:33 14 13.9 14 9.79 0.65 21.03 12.12
27.01.2023 12:45:43 14 13.9 14 9.79 0.654 21.03 12.13
27.01.2023 12:45:53 14 13.9 13.9 9.78 0.656 21.03 12.12
27.01.2023 12:46:03 14 13.9 13.9 9.78 0.656 21.03 12.12
27.01.2023 12:46:13 14 13.9 13.9 9.79 0.656 21.03 12.12
27.01.2023 12:46:23 14 13.9 13.9 9.78 0.658 21.03 12.12
27.01.2023 12:46:33 14 13.9 13.9 9.77 0.658 21.03 12.12
27.01.2023 12:46:43 14 13.9 13.9 9.79 0.656 21.02 12.12
27.01.2023 12:46:53 14 13.9 13.9 9.79 0.656 21.02 12.12
27.01.2023 12:47:03 14 13.9 13.9 9.78 0.665 21.03 12.12
27.01.2023 12:47:13 14 13.9 13.9 9.78 0.66 21.02 12.12
27.01.2023 12:47:23 14 13.9 13.9 9.78 0.661 21.03 12.12
27.01.2023 12:47:33 14 13.9 13.9 9.76 0.667 21.02 12.12
27.01.2023 12:47:43 14 13.9 13.9 9.77 0.663 21.02 12.12
27.01.2023 12:47:53 14 13.9 13.9 9.78 0.661 21.02 12.12
27.01.2023 12:48:03 14 13.9 13.9 9.76 0.66 21.02 12.12
27.01.2023 12:48:13 14 13.9 13.9 9.78 0.667 21.01 12.11
27.01.2023 12:48:23 14 13.9 14 9.78 0.665 21.02 12.11
27.01.2023 12:48:33 14 13.9 14 9.77 0.663 21.02 12.11
27.01.2023 12:48:43 14 13.9 13.9 9.78 0.665 21.01 12.11
27.01.2023 12:48:53 14 13.9 13.9 9.78 0.663 21.02 12.11
27.01.2023 12:49:03 14 13.9 13.9 9.77 0.669 21.02 12.11
27.01.2023 12:49:13 14 13.9 14 9.77 0.667 21.02 12.11
27.01.2023 12:49:23 14 13.9 13.9 9.75 0.669 21.02 12.11
27.01.2023 12:49:33 14 13.9 13.9 9.76 0.671 21.01 12.11
27.01.2023 12:49:43 14 13.9 13.9 9.76 0.673 21.01 12.11
27.01.2023 12:49:53 14 13.9 13.9 9.76 0.667 21.01 12.11
27.01.2023 12:50:03 14 13.9 13.9 9.77 0.669 21.02 12.11
27.01.2023 12:50:13 14 13.9 13.9 9.77 0.673 21.02 12.1
27.01.2023 12:50:23 14 13.9 13.9 9.76 0.667 21.02 12.1
27.01.2023 12:50:33 14 13.9 13.9 9.76 0.667 21.01 12.1
27.01.2023 12:50:43 14 13.9 13.9 9.77 0.669 21.01 12.1
27.01.2023 12:50:53 14 13.9 13.9 9.75 0.676 21.02 12.1
27.01.2023 12:51:03 14 13.9 13.9 9.76 0.676 21.01 12.1
27.01.2023 12:51:13 14 13.9 13.9 9.75 0.675 21.01 12.1
27.01.2023 12:51:23 14 13.9 13.9 9.75 0.671 21.01 12.1
27.01.2023 12:51:33 14 13.9 14 9.75 0.676 21.01 12.1
27.01.2023 12:51:43 14 13.9 13.9 9.74 0.676 21.01 12.1
27.01.2023 12:51:53 14 13.9 13.9 9.76 0.675 21.02 12.09
27.01.2023 12:52:03 14 13.9 13.9 9.75 0.675 21.01 12.09
27.01.2023 12:52:13 14 13.9 13.9 9.74 0.678 21.01 12.09
27.01.2023 12:52:23 14 13.9 13.9 9.75 0.678 21.01 12.09
27.01.2023 12:52:33 14 13.9 13.9 9.75 0.678 21.01 12.09
27.01.2023 12:52:43 14 13.9 13.9 9.74 0.676 21.01 12.09
27.01.2023 12:52:53 14 13.9 13.9 9.75 0.682 21.01 12.09
27.01.2023 12:53:03 14 13.9 13.9 9.75 0.676 21.01 12.09
27.01.2023 12:53:13 14 13.9 13.9 9.75 0.678 21.01 12.09
27.01.2023 12:53:23 14 13.9 13.9 9.74 0.686 21.01 12.09
27.01.2023 12:53:33 14 13.9 13.9 9.74 0.682 21.01 12.09
27.01.2023 12:53:43 14 13.9 13.9 9.74 0.678 21.01 12.09
27.01.2023 12:53:53 14 13.9 13.9 9.75 0.682 21.01 12.09
27.01.2023 12:54:03 14 13.9 13.9 9.74 0.68 21.01 12.09
27.01.2023 12:54:13 14 13.9 13.9 9.72 0.682 21.01 12.09
27.01.2023 12:54:23 14 13.9 13.9 9.73 0.688 21.01 12.09
27.01.2023 12:54:33 14 13.9 13.9 9.74 0.686 21 12.09
27.01.2023 12:54:43 14 13.9 13.9 9.73 0.686 21.01 12.09
27.01.2023 12:54:53 14 13.9 13.9 9.73 0.686 21.01 12.09
27.01.2023 12:55:03 14 13.9 13.9 9.74 0.686 21.01 12.09
27.01.2023 12:55:13 14 13.9 13.9 9.73 0.688 21 12.09
27.01.2023 12:55:23 14 13.9 13.9 9.72 0.69 21 12.09
27.01.2023 12:55:33 14 13.9 13.9 9.72 0.691 21 12.08
27.01.2023 12:55:43 14 13.9 13.9 9.73 0.686 21 12.08
27.01.2023 12:55:53 14 13.9 13.9 9.73 0.69 21 12.09
27.01.2023 12:56:03 14 13.9 13.9 9.72 0.69 21 12.08
27.01.2023 12:56:13 14 13.9 13.9 9.72 0.69 21 12.08
27.01.2023 12:56:23 14 13.9 13.9 9.73 0.686 21 12.08
27.01.2023 12:56:33 14 13.9 13.9 9.71 0.69 21 12.07
27.01.2023 12:56:43 14 13.9 13.9 9.71 0.693 21 12.07
27.01.2023 12:56:53 14 13.9 13.9 9.72 0.693 21 12.07
27.01.2023 12:57:03 14 13.9 13.9 9.72 0.69 20.99 12.07
27.01.2023 12:57:13 14 13.9 13.9 9.72 0.69 21 12.07
27.01.2023 12:57:23 14 13.9 13.9 9.73 0.697 21 12.07
27.01.2023 12:57:33 14 13.9 13.9 9.72 0.699 21 12.07
27.01.2023 12:57:43 14 13.9 13.9 9.72 0.695 20.99 12.07
27.01.2023 12:57:53 14 13.9 13.9 9.71 0.693 21 12.07
27.01.2023 12:58:03 14 13.9 13.9 9.7 0.686 20.99 12.07
27.01.2023 12:58:13 14 13.9 13.9 9.7 0.697 20.99 12.07
27.01.2023 12:58:23 14 13.9 13.9 9.71 0.697 20.99 12.07
27.01.2023 12:58:33 14 13.9 14 9.7 0.699 20.99 12.07
27.01.2023 12:58:43 14 13.9 13.9 9.71 0.697 20.99 12.07
27.01.2023 12:58:53 14 13.9 13.9 9.7 0.699 20.99 12.07
27.01.2023 12:59:03 14 13.9 13.9 9.7 0.695 20.99 12.07
27.01.2023 12:59:13 14 13.9 13.9 9.7 0.703 20.99 12.07
27.01.2023 12:59:23 14 13.9 13.9 9.7 0.703 20.99 12.06
27.01.2023 12:59:33 14 13.9 13.9 9.71 0.703 20.99 12.06
27.01.2023 12:59:43 14 13.9 13.9 9.7 0.701 20.99 12.06
27.01.2023 12:59:53 14 13.9 13.9 9.69 0.703 20.99 12.06
27.01.2023 13:00:03 14 13.9 13.9 9.7 0.703 20.99 12.06
27.01.2023 13:00:13 14 13.9 13.9 9.7 0.703 20.99 12.06
27.01.2023 13:00:23 14 13.9 13.9 9.7 0.706 21 12.06
27.01.2023 13:00:33 14 13.9 13.9 9.69 0.706 20.99 12.06
27.01.2023 13:00:43 14 13.9 13.9 9.69 0.706 20.99 12.06
27.01.2023 13:00:53 14 13.9 13.9 9.69 0.703 20.99 12.06
27.01.2023 13:01:03 14 13.9 13.9 9.69 0.71 20.99 12.06
27.01.2023 13:01:13 14 13.9 13.9 9.7 0.706 20.99 12.06
27.01.2023 13:01:23 14 13.9 13.9 9.69 0.706 20.99 12.06
27.01.2023 13:01:33 14 13.9 13.9 9.69 0.706 20.99 12.06
27.01.2023 13:01:43 14 13.9 13.9 9.69 0.708 20.99 12.05
27.01.2023 13:01:53 14 13.9 13.9 9.69 0.708 20.99 12.06
27.01.2023 13:02:03 14 13.9 13.9 9.69 0.71 20.99 12.06
27.01.2023 13:02:13 14 13.9 13.9 9.69 0.716 20.99 12.05
27.01.2023 13:02:23 14 13.9 13.9 9.68 0.706 20.99 12.05
27.01.2023 13:02:33 14 13.9 13.9 9.68 0.708 20.99 12.05
27.01.2023 13:02:43 14 13.9 14 9.67 0.714 20.99 12.05
27.01.2023 13:02:53 14 13.9 14 9.68 0.71 20.98 12.05
27.01.2023 13:03:03 14 13.9 14 9.67 0.712 20.99 12.05
27.01.2023 13:03:13 14 13.9 14 9.69 0.712 20.98 12.04
27.01.2023 13:03:23 14 13.9 14 9.68 0.714 20.99 12.05
27.01.2023 13:03:33 14 13.9 13.9 9.68 0.716 20.98 12.04
27.01.2023 13:03:43 14 13.9 13.9 9.67 0.718 20.99 12.04
27.01.2023 13:03:53 14 13.9 13.9 9.68 0.72 20.99 12.04
27.01.2023 13:04:03 14 13.9 13.9 9.67 0.712 20.98 12.04
27.01.2023 13:04:13 14 13.9 13.9 9.68 0.718 20.98 12.04
27.01.2023 13:04:23 14 13.9 13.9 9.66 0.716 20.98 12.04
27.01.2023 13:04:33 14 13.9 13.9 9.67 0.721 20.98 12.04
27.01.2023 13:04:43 14 13.9 13.9 9.67 0.721 20.98 12.04
27.01.2023 13:04:53 14 13.9 13.9 9.67 0.72 20.98 12.04
27.01.2023 13:05:03 14 13.9 13.9 9.67 0.716 20.98 12.04
27.01.2023 13:05:13 14 13.9 13.9 9.66 0.721 20.98 12.04
27.01.2023 13:05:23 14 13.9 13.9 9.67 0.72 20.98 12.03
27.01.2023 13:05:33 14 13.9 13.9 9.67 0.721 20.98 12.04
27.01.2023 13:05:43 14 13.9 13.9 9.65 0.723 20.98 12.04
27.01.2023 13:05:53 14 13.9 14 9.66 0.718 20.98 12.03
27.01.2023 13:06:03 14 13.9 14 9.65 0.723 20.98 12.03
27.01.2023 13:06:13 14 13.9 14 9.66 0.72 20.98 12.03
27.01.2023 13:06:23 14 13.9 14 9.66 0.721 20.98 12.03
27.01.2023 13:06:33 14 13.9 14 9.66 0.721 20.98 12.03
27.01.2023 13:06:43 14 13.9 14 9.66 0.725 20.97 12.03
27.01.2023 13:06:53 14 13.9 14 9.65 0.727 20.97 12.03
27.01.2023 13:07:03 14 14 14 9.65 0.725 20.97 12.03
27.01.2023 13:07:13 14 13.9 14 9.65 0.723 20.98 12.03
27.01.2023 13:07:23 14 13.9 14 9.65 0.729 20.98 12.03
27.01.2023 13:07:33 14 13.9 14 9.65 0.727 20.98 12.03
27.01.2023 13:07:43 14 13.9 13.9 9.64 0.725 20.97 12.03
27.01.2023 13:07:53 14 13.9 14 9.63 0.733 20.97 12.03
27.01.2023 13:08:03 14 13.9 13.9 9.66 0.727 20.97 12.03
27.01.2023 13:08:13 14 13.9 13.9 9.64 0.725 20.97 12.03
27.01.2023 13:08:23 14 13.9 14 9.65 0.731 20.97 12.03
27.01.2023 13:08:33 14 13.9 13.9 9.65 0.731 20.97 12.03
27.01.2023 13:08:43 14 13.9 13.9 9.64 0.733 20.97 12.03
27.01.2023 13:08:53 14 13.9 13.9 9.64 0.733 20.97 12.03
27.01.2023 13:09:03 14 13.9 13.9 9.64 0.729 20.97 12.02
27.01.2023 13:09:13 14 13.9 13.9 9.64 0.736 20.97 12.02
27.01.2023 13:09:23 14 13.9 13.9 9.64 0.735 20.97 12.02
27.01.2023 13:09:33 14 13.9 13.9 9.63 0.733 20.96 12.02
27.01.2023 13:09:43 14 13.9 13.9 9.63 0.735 20.97 12.02
27.01.2023 13:09:53 14 13.9 13.9 9.63 0.738 20.97 12.02
27.01.2023 13:10:03 14 13.9 13.9 9.63 0.736 20.96 12.02
27.01.2023 13:10:13 14 13.9 14 9.63 0.738 20.97 12.02
27.01.2023 13:10:23 14 13.9 13.9 9.63 0.742 20.97 12.02
27.01.2023 13:10:33 14 13.9 13.9 9.63 0.742 20.97 12.02
27.01.2023 13:10:43 14 13.9 13.9 9.63 0.746 20.97 12.01
27.01.2023 13:10:53 14 13.9 13.9 9.63 0.74 20.97 12.01
27.01.2023 13:11:03 14 13.9 13.9 9.62 0.742 20.97 12.01
27.01.2023 13:11:13 14 13.9 13.9 9.63 0.738 20.97 12.01
27.01.2023 13:11:23 14 13.9 13.9 9.63 0.744 20.97 12.01
27.01.2023 13:11:33 14 13.9 13.9 9.63 0.738 20.96 12.01
27.01.2023 13:11:43 14 13.9 13.9 9.62 0.74 20.97 12.01
27.01.2023 13:11:53 14 13.9 13.9 9.61 0.742 20.96 12.01
27.01.2023 13:12:03 14 13.9 13.9 9.64 0.746 20.96 12.01
27.01.2023 13:12:13 14 13.9 13.9 9.63 0.746 20.96 12.01
27.01.2023 13:12:23 14 13.9 13.9 9.63 0.746 20.96 12.01
27.01.2023 13:12:33 14 13.9 13.9 9.61 0.751 20.96 12.01
27.01.2023 13:12:43 14 13.9 13.9 9.61 0.744 20.96 12.01
27.01.2023 13:12:53 14 13.9 13.9 9.62 0.744 20.96 12.01
27.01.2023 13:13:03 14 13.9 13.9 9.61 0.748 20.96 12
27.01.2023 13:13:13 14 13.9 13.9 9.61 0.748 20.96 12
27.01.2023 13:13:23 14 13.9 13.9 9.61 0.75 20.96 12
27.01.2023 13:13:33 14 13.9 13.9 9.62 0.751 20.96 12.01
27.01.2023 13:13:43 14 13.9 13.9 9.61 0.751 20.96 12.01
27.01.2023 13:13:53 14 13.9 13.9 9.61 0.751 20.96 12.01
27.01.2023 13:14:03 14 13.9 14 9.6 0.746 20.96 12.01
27.01.2023 13:14:13 14 13.9 13.9 9.61 0.75 20.96 12
27.01.2023 13:14:23 14 13.9 14 9.61 0.755 20.96 12
27.01.2023 13:14:33 14 13.9 14 9.61 0.75 20.96 12
27.01.2023 13:14:43 14 13.9 14 9.6 0.755 20.95 12
27.01.2023 13:14:53 14 13.9 13.9 9.6 0.755 20.96 12
27.01.2023 13:15:03 14 13.9 13.9 9.6 0.755 20.95 12
27.01.2023 13:15:13 14 13.9 13.9 9.6 0.753 20.96 12
27.01.2023 13:15:23 14 13.9 13.9 9.6 0.755 20.95 12
27.01.2023 13:15:33 14 13.9 13.9 9.59 0.753 20.95 12
27.01.2023 13:15:43 14 13.9 13.9 9.6 0.759 20.96 12
27.01.2023 13:15:53 14 13.9 13.9 9.6 0.757 20.96 12
27.01.2023 13:16:03 14 14 14 9.6 0.759 20.95 12
27.01.2023 13:16:13 14 13.9 13.9 9.58 0.755 20.95 12
27.01.2023 13:16:23 14 13.9 13.9 9.58 0.757 20.95 12
27.01.2023 13:16:33 14 13.9 13.9 9.58 0.763 20.95 11.99
27.01.2023 13:16:43 14 13.9 13.9 9.61 0.761 20.95 11.99
27.01.2023 13:16:53 14 13.9 13.9 9.59 0.761 20.95 11.99
27.01.2023 13:17:03 14 13.9 13.9 9.59 0.759 20.95 11.99
27.01.2023 13:17:13 14 13.9 13.9 9.59 0.753 20.95 11.99
27.01.2023 13:17:23 14 13.9 13.9 9.58 0.763 20.95 11.98
27.01.2023 13:17:33 14 13.9 13.9 9.58 0.761 20.95 11.98
27.01.2023 13:17:43 14 13.9 13.9 9.58 0.763 20.95 11.98
27.01.2023 13:17:53 14 13.9 13.9 9.58 0.765 20.95 11.98
27.01.2023 13:18:03 14 13.9 13.9 9.58 0.763 20.95 11.98
27.01.2023 13:18:13 14 13.9 13.9 9.57 0.765 20.95 11.98
27.01.2023 13:18:23 14 13.9 13.9 9.59 0.765 20.95 11.98
27.01.2023 13:18:33 14 13.9 13.9 9.58 0.761 20.95 11.98
27.01.2023 13:18:43 14 13.9 13.9 9.58 0.761 20.95 11.98
27.01.2023 13:18:53 14 13.9 13.9 9.57 0.766 20.95 11.98
27.01.2023 13:19:03 14 13.9 13.9 9.58 0.768 20.95 11.98
27.01.2023 13:19:13 14 13.9 13.9 9.57 0.772 20.95 11.98
27.01.2023 13:19:23 14 13.9 13.9 9.58 0.768 20.95 11.98
27.01.2023 13:19:33 14 13.9 13.9 9.57 0.77 20.95 11.98
27.01.2023 13:19:43 14 13.9 14 9.57 0.77 20.95 11.98
27.01.2023 13:19:53 14 13.9 14 9.56 0.77 20.94 11.98
27.01.2023 13:20:03 14 13.9 14 9.58 0.768 20.95 11.98
27.01.2023 13:20:13 14 13.9 14 9.57 0.77 20.95 11.98
27.01.2023 13:20:23 14 13.9 14 9.55 0.768 20.95 11.98
27.01.2023 13:20:33 14 13.9 14 9.57 0.772 20.95 11.97
27.01.2023 13:20:43 14 13.9 14 9.57 0.772 20.95 11.97
27.01.2023 13:20:53 14 13.9 14 9.56 0.772 20.95 11.97
27.01.2023 13:21:03 14 13.9 14 9.56 0.768 20.95 11.97
27.01.2023 13:21:13 14 13.9 14 9.57 0.774 20.95 11.97
27.01.2023 13:21:23 14 13.9 14 9.57 0.772 20.95 11.97
27.01.2023 13:21:33 14 13.9 14 9.57 0.772 20.94 11.97
27.01.2023 13:21:43 14 13.9 14 9.55 0.772 20.94 11.97
27.01.2023 13:21:53 14 13.9 14 9.54 0.776 20.95 11.97
27.01.2023 13:22:03 14 13.9 14 9.55 0.776 20.95 11.97
27.01.2023 13:22:13 14 13.9 14 9.55 0.781 20.94 11.97
27.01.2023 13:22:23 14 13.9 14 9.55 0.78 20.95 11.97
27.01.2023 13:22:33 14 13.9 14 9.56 0.778 20.94 11.97
27.01.2023 13:22:43 14 13.9 14 9.54 0.78 20.94 11.97
27.01.2023 13:22:53 14 13.9 14 9.54 0.781 20.94 11.97
27.01.2023 13:23:03 14 13.9 14 9.54 0.778 20.94 11.97
27.01.2023 13:23:13 14 13.9 14 9.55 0.783 20.93 11.97
27.01.2023 13:23:23 14 13.9 14 9.55 0.78 20.94 11.96
27.01.2023 13:23:33 14 13.9 14 9.57 0.781 20.93 11.96
